This is the output for 3D heat equation
Parameters:
sovername: BE
space step: 1
time step: 0.1
total time: 1

grid points 
0 0.897598 1.7952 2.69279 3.59039 4.48799 0 0.897598 1.7952 2.69279 3.59039 4.48799 0 0.897598 1.7952 2.69279 3.59039 4.48799 0 0.897598 1.7952 2.69279 3.59039 4.48799 0 0.897598 1.7952 2.69279 3.59039 4.48799 0 0.897598 1.7952 2.69279 3.59039 4.48799 0 0.897598 1.7952 2.69279 3.59039 4.48799 0 0.897598 1.7952 2.69279 3.59039 4.48799 0 0.897598 1.7952 2.69279 3.59039 4.48799 0 0.897598 1.7952 2.69279 3.59039 4.48799 0 0.897598 1.7952 2.69279 3.59039 4.48799 0 0.897598 1.7952 2.69279 3.59039 4.48799 0 0.897598 1.7952 2.69279 3.59039 4.48799 0 0.897598 1.7952 2.69279 3.59039 4.48799 0 0.897598 1.7952 2.69279 3.59039 4.48799 0 0.897598 1.7952 2.69279 3.59039 4.48799 0 0.897598 1.7952 2.69279 3.59039 4.48799 0 0.897598 1.7952 2.69279 3.59039 4.48799 0 0.897598 1.7952 2.69279 3.59039 4.48799 0 0.897598 1.7952 2.69279 3.59039 4.48799 0 0.897598 1.7952 2.69279 3.59039 4.48799 0 0.897598 1.7952 2.69279 3.59039 4.48799 0 0.897598 1.7952 2.69279 3.59039 4.48799 0 0.897598 1.7952 2.69279 3.59039 4.48799 0 0.897598 1.7952 2.69279 3.59039 4.48799 0 0.897598 1.7952 2.69279 3.59039 4.48799 0 0.897598 1.7952 2.69279 3.59039 4.48799 0 0.897598 1.7952 2.69279 3.59039 4.48799 0 0.897598 1.7952 2.69279 3.59039 4.48799 0 0.897598 1.7952 2.69279 3.59039 4.48799 0 0.897598 1.7952 2.69279 3.59039 4.48799 0 0.897598 1.7952 2.69279 3.59039 4.48799 0 0.897598 1.7952 2.69279 3.59039 4.48799 0 0.897598 1.7952 2.69279 3.59039 4.48799 0 0.897598 1.7952 2.69279 3.59039 4.48799 0 0.897598 1.7952 2.69279 3.59039 4.48799 
0 0 0 0 0 0 0.897598 0.897598 0.897598 0.897598 0.897598 0.897598 1.7952 1.7952 1.7952 1.7952 1.7952 1.7952 2.69279 2.69279 2.69279 2.69279 2.69279 2.69279 3.59039 3.59039 3.59039 3.59039 3.59039 3.59039 4.48799 4.48799 4.48799 4.48799 4.48799 4.48799 0 0 0 0 0 0 0.897598 0.897598 0.897598 0.897598 0.897598 0.897598 1.7952 1.7952 1.7952 1.7952 1.7952 1.7952 2.69279 2.69279 2.69279 2.69279 2.69279 2.69279 3.59039 3.59039 3.59039 3.59039 3.59039 3.59039 4.48799 4.48799 4.48799 4.48799 4.48799 4.48799 0 0 0 0 0 0 0.897598 0.897598 0.897598 0.897598 0.897598 0.897598 1.7952 1.7952 1.7952 1.7952 1.7952 1.7952 2.69279 2.69279 2.69279 2.69279 2.69279 2.69279 3.59039 3.59039 3.59039 3.59039 3.59039 3.59039 4.48799 4.48799 4.48799 4.48799 4.48799 4.48799 0 0 0 0 0 0 0.897598 0.897598 0.897598 0.897598 0.897598 0.897598 1.7952 1.7952 1.7952 1.7952 1.7952 1.7952 2.69279 2.69279 2.69279 2.69279 2.69279 2.69279 3.59039 3.59039 3.59039 3.59039 3.59039 3.59039 4.48799 4.48799 4.48799 4.48799 4.48799 4.48799 0 0 0 0 0 0 0.897598 0.897598 0.897598 0.897598 0.897598 0.897598 1.7952 1.7952 1.7952 1.7952 1.7952 1.7952 2.69279 2.69279 2.69279 2.69279 2.69279 2.69279 3.59039 3.59039 3.59039 3.59039 3.59039 3.59039 4.48799 4.48799 4.48799 4.48799 4.48799 4.48799 0 0 0 0 0 0 0.897598 0.897598 0.897598 0.897598 0.897598 0.897598 1.7952 1.7952 1.7952 1.7952 1.7952 1.7952 2.69279 2.69279 2.69279 2.69279 2.69279 2.69279 3.59039 3.59039 3.59039 3.59039 3.59039 3.59039 4.48799 4.48799 4.48799 4.48799 4.48799 4.48799 
0 0 0 0 0 0 0 0 0 0 0 0 0 0 0 0 0 0 0 0 0 0 0 0 0 0 0 0 0 0 0 0 0 0 0 0 0.897598 0.897598 0.897598 0.897598 0.897598 0.897598 0.897598 0.897598 0.897598 0.897598 0.897598 0.897598 0.897598 0.897598 0.897598 0.897598 0.897598 0.897598 0.897598 0.897598 0.897598 0.897598 0.897598 0.897598 0.897598 0.897598 0.897598 0.897598 0.897598 0.897598 0.897598 0.897598 0.897598 0.897598 0.897598 0.897598 1.7952 1.7952 1.7952 1.7952 1.7952 1.7952 1.7952 1.7952 1.7952 1.7952 1.7952 1.7952 1.7952 1.7952 1.7952 1.7952 1.7952 1.7952 1.7952 1.7952 1.7952 1.7952 1.7952 1.7952 1.7952 1.7952 1.7952 1.7952 1.7952 1.7952 1.7952 1.7952 1.7952 1.7952 1.7952 1.7952 2.69279 2.69279 2.69279 2.69279 2.69279 2.69279 2.69279 2.69279 2.69279 2.69279 2.69279 2.69279 2.69279 2.69279 2.69279 2.69279 2.69279 2.69279 2.69279 2.69279 2.69279 2.69279 2.69279 2.69279 2.69279 2.69279 2.69279 2.69279 2.69279 2.69279 2.69279 2.69279 2.69279 2.69279 2.69279 2.69279 3.59039 3.59039 3.59039 3.59039 3.59039 3.59039 3.59039 3.59039 3.59039 3.59039 3.59039 3.59039 3.59039 3.59039 3.59039 3.59039 3.59039 3.59039 3.59039 3.59039 3.59039 3.59039 3.59039 3.59039 3.59039 3.59039 3.59039 3.59039 3.59039 3.59039 3.59039 3.59039 3.59039 3.59039 3.59039 3.59039 4.48799 4.48799 4.48799 4.48799 4.48799 4.48799 4.48799 4.48799 4.48799 4.48799 4.48799 4.48799 4.48799 4.48799 4.48799 4.48799 4.48799 4.48799 4.48799 4.48799 4.48799 4.48799 4.48799 4.48799 4.48799 4.48799 4.48799 4.48799 4.48799 4.48799 4.48799 4.48799 4.48799 4.48799 4.48799 4.48799 
Time 0
1 1 1 1 1 1 1 1 1 1 1 1 1 1 1 1 1 1 1 1 1 1 1 1 1 1 1 1 1 1 1 1 1 1 1 1 1 1 1 1 1 1 1 1.29745 2.82224 0.153088 0.988311 -0.221299 1 2.82224 0.988311 0.415774 0.99547 -0.0503868 1 0.153088 0.415774 2.30612 1.04404 0.935411 1 0.988311 0.99547 1.04404 0.931522 1.03965 1 -0.221299 -0.0503868 0.935411 1.03965 -0.10288 1 1 1 1 1 1 1 2.82224 0.988311 0.415774 0.99547 -0.0503868 1 0.988311 0.99547 1.04404 0.931522 1.03965 1 0.415774 1.04404 -0.55214 1.03987 -0.987787 1 0.99547 0.931522 1.03987 1.12327 0.894194 1 -0.0503868 1.03965 -0.987787 0.894194 0.269853 1 1 1 1 1 1 1 0.153088 0.415774 2.30612 1.04404 0.935411 1 0.415774 1.04404 -0.55214 1.03987 -0.987787 1 2.30612 -0.55214 1.78033 0.967137 1.16762 1 1.04404 1.03987 0.967137 0.847762 0.739372 1 0.935411 -0.987787 1.16762 0.739372 1.35729 1 1 1 1 1 1 1 0.988311 0.99547 1.04404 0.931522 1.03965 1 0.99547 0.931522 1.03987 1.12327 0.894194 1 1.04404 1.03987 0.967137 0.847762 0.739372 1 0.931522 1.12327 0.847762 1.14617 0.900081 1 1.03965 0.894194 0.739372 0.900081 1.32051 1 1 1 1 1 1 1 -0.221299 -0.0503868 0.935411 1.03965 -0.10288 1 -0.0503868 1.03965 -0.987787 0.894194 0.269853 1 0.935411 -0.987787 1.16762 0.739372 1.35729 1 1.03965 0.894194 0.739372 0.900081 1.32051 1 -0.10288 0.269853 1.35729 1.32051 0.0374232 
Time 0.1
0.991659 0.981078 0.98933 0.991912 0.995224 0.974438 0.981078 0.969584 1.01782 0.949346 0.977785 0.888542 0.98933 1.01782 0.979187 0.890889 0.96814 0.910332 0.991912 0.949346 0.890889 1.02502 0.990272 0.993671 0.995224 0.977785 0.96814 0.990272 0.992457 1.00083 0.974438 0.888542 0.910332 0.993671 1.00083 0.913522 0.981078 0.969584 1.01782 0.949346 0.977785 0.888542 0.969584 1.39479 2.14445 0.483135 0.892146 0.120761 1.01782 2.14445 1.08763 0.63199 0.915881 0.253179 0.949346 0.483135 0.63199 1.71895 1.04583 0.82799 0.977785 0.892146 0.915881 1.04583 0.958101 0.95116 0.888542 0.120761 0.253179 0.82799 0.95116 0.252286 0.98933 1.01782 0.979187 0.890889 0.96814 0.910332 1.01782 2.14445 1.08763 0.63199 0.915881 0.253179 0.979187 1.08763 0.986904 0.857626 0.908117 0.761952 0.890889 0.63199 0.857626 0.0613173 0.881656 -0.299453 0.96814 0.915881 0.908117 0.881656 1.02797 0.805089 0.910332 0.253179 0.761952 -0.299453 0.805089 0.472441 0.991912 0.949346 0.890889 1.02502 0.990272 0.993671 0.949346 0.483135 0.63199 1.71895 1.04583 0.82799 0.890889 0.63199 0.857626 0.0613173 0.881656 -0.299453 1.02502 1.71895 0.0613173 1.30496 0.964061 0.919052 0.990272 1.04583 0.881656 0.964061 0.883136 0.81923 0.993671 0.82799 -0.299453 0.919052 0.81923 1.1774 0.995224 0.977785 0.96814 0.990272 0.992457 1.00083 0.977785 0.892146 0.915881 1.04583 0.958101 0.95116 0.96814 0.915881 0.908117 0.881656 1.02797 0.805089 0.990272 1.04583 0.881656 0.964061 0.883136 0.81923 0.992457 0.958101 1.02797 0.883136 1.05801 0.939013 1.00083 0.95116 0.805089 0.81923 0.939013 1.16723 0.974438 0.888542 0.910332 0.993671 1.00083 0.913522 0.888542 0.120761 0.253179 0.82799 0.95116 0.252286 0.910332 0.253179 0.761952 -0.299453 0.805089 0.472441 0.993671 0.82799 -0.299453 0.919052 0.81923 1.1774 1.00083 0.95116 0.805089 0.81923 0.939013 1.16723 0.913522 0.252286 0.472441 1.1774 1.16723 0.413531 
Time 0.2
0.977303 0.960053 0.974193 0.979551 0.984822 0.946701 0.960053 0.960141 1.01034 0.921629 0.950771 0.839145 0.974193 1.01034 0.955041 0.849124 0.93625 0.866748 0.979551 0.921629 0.849124 1.00669 0.979955 0.97571 0.984822 0.950771 0.93625 0.979955 0.985942 0.988561 0.946701 0.839145 0.866748 0.97571 0.988561 0.881211 0.960053 0.960141 1.01034 0.921629 0.950771 0.839145 0.960141 1.3768 1.7335 0.672416 0.849835 0.348834 1.01034 1.7335 1.11082 0.750356 0.876558 0.442732 0.921629 0.672416 0.750356 1.38269 1.01666 0.79041 0.950771 0.849835 0.876558 1.01666 0.960236 0.9028 0.839145 0.348834 0.442732 0.79041 0.9028 0.467786 0.974193 1.01034 0.955041 0.849124 0.93625 0.866748 1.01034 1.7335 1.11082 0.750356 0.876558 0.442732 0.955041 1.11082 0.974003 0.794186 0.870283 0.659035 0.849124 0.750356 0.794186 0.392861 0.818507 0.107127 0.93625 0.876558 0.870283 0.818507 0.957898 0.775431 0.866748 0.442732 0.659035 0.107127 0.775431 0.596624 0.979551 0.921629 0.849124 1.00669 0.979955 0.97571 0.921629 0.672416 0.750356 1.38269 1.01666 0.79041 0.849124 0.750356 0.794186 0.392861 0.818507 0.107127 1.00669 1.38269 0.392861 1.06452 0.934714 0.81605 0.979955 1.01666 0.818507 0.934714 0.898612 0.855313 0.97571 0.79041 0.107127 0.81605 0.855313 1.06943 0.984822 0.950771 0.93625 0.979955 0.985942 0.988561 0.950771 0.849835 0.876558 1.01666 0.960236 0.9028 0.93625 0.876558 0.870283 0.818507 0.957898 0.775431 0.979955 1.01666 0.818507 0.934714 0.898612 0.855313 0.985942 0.960236 0.957898 0.898612 1.00848 0.953223 0.988561 0.9028 0.775431 0.855313 0.953223 1.0782 0.946701 0.839145 0.866748 0.97571 0.988561 0.881211 0.839145 0.348834 0.442732 0.79041 0.9028 0.467786 0.866748 0.442732 0.659035 0.107127 0.775431 0.596624 0.97571 0.79041 0.107127 0.81605 0.855313 1.06943 0.988561 0.9028 0.775431 0.855313 0.953223 1.0782 0.881211 0.467786 0.596624 1.06943 1.0782 0.625847 
Time 0.3
0.960714 0.942066 0.958213 0.965613 0.97106 0.924064 0.942066 0.955796 0.993743 0.90646 0.926774 0.821008 0.958213 0.993743 0.934296 0.83691 0.910604 0.847162 0.965613 0.90646 0.83691 0.977615 0.967137 0.956056 0.97106 0.926774 0.910604 0.967137 0.97779 0.972753 0.924064 0.821008 0.847162 0.956056 0.972753 0.872115 0.942066 0.955796 0.993743 0.90646 0.926774 0.821008 0.955796 1.31648 1.47608 0.779884 0.83432 0.503237 0.993743 1.47608 1.09918 0.815336 0.857047 0.565656 0.90646 0.779884 0.815336 1.18593 0.981779 0.784144 0.926774 0.83432 0.857047 0.981779 0.950548 0.877233 0.821008 0.503237 0.565656 0.784144 0.877233 0.601377 0.958213 0.993743 0.934296 0.83691 0.910604 0.847162 0.993743 1.47608 1.09918 0.815336 0.857047 0.565656 0.934296 1.09918 0.961635 0.782862 0.839478 0.637841 0.83691 0.815336 0.782862 0.576074 0.797016 0.355012 0.910604 0.857047 0.839478 0.797016 0.910588 0.772132 0.847162 0.565656 0.637841 0.355012 0.772132 0.675574 0.965613 0.90646 0.83691 0.977615 0.967137 0.956056 0.90646 0.779884 0.815336 1.18593 0.981779 0.784144 0.83691 0.815336 0.782862 0.576074 0.797016 0.355012 0.977615 1.18593 0.576074 0.942889 0.904255 0.780874 0.967137 0.981779 0.797016 0.904255 0.901575 0.870795 0.956056 0.784144 0.355012 0.780874 0.870795 1.00298 0.97106 0.926774 0.910604 0.967137 0.97779 0.972753 0.926774 0.83432 0.857047 0.981779 0.950548 0.877233 0.910604 0.857047 0.839478 0.797016 0.910588 0.772132 0.967137 0.981779 0.797016 0.904255 0.901575 0.870795 0.97779 0.950548 0.910588 0.901575 0.978386 0.954898 0.972753 0.877233 0.772132 0.870795 0.954898 1.02419 0.924064 0.821008 0.847162 0.956056 0.972753 0.872115 0.821008 0.503237 0.565656 0.784144 0.877233 0.601377 0.847162 0.565656 0.637841 0.355012 0.772132 0.675574 0.956056 0.784144 0.355012 0.780874 0.870795 1.00298 0.972753 0.877233 0.772132 0.870795 0.954898 1.02419 0.872115 0.601377 0.675574 1.00298 1.02419 0.746711 
Time 0.4
0.944614 0.927952 0.943278 0.951772 0.95628 0.90761 0.927952 0.951276 0.975349 0.897942 0.90799 0.81806 0.943278 0.975349 0.918331 0.836822 0.891938 0.839947 0.951772 0.897942 0.836822 0.949983 0.95291 0.938392 0.95628 0.90799 0.891938 0.95291 0.967822 0.957257 0.90761 0.81806 0.839947 0.938392 0.957257 0.872049 0.927952 0.951276 0.975349 0.897942 0.90799 0.81806 0.951276 1.24662 1.30909 0.839791 0.831476 0.609232 0.975349 1.30909 1.07378 0.850685 0.847704 0.648235 0.897942 0.839791 0.850685 1.06822 0.950444 0.790752 0.90799 0.831476 0.847704 0.950444 0.936461 0.864408 0.81806 0.609232 0.648235 0.790752 0.864408 0.686149 0.943278 0.975349 0.918331 0.836822 0.891938 0.839947 0.975349 1.30909 1.07378 0.850685 0.847704 0.648235 0.918331 1.07378 0.950723 0.791295 0.820016 0.652223 0.836822 0.850685 0.791295 0.679995 0.793271 0.511167 0.891938 0.847704 0.820016 0.793271 0.880378 0.779591 0.839947 0.648235 0.652223 0.511167 0.779591 0.727628 0.951772 0.897942 0.836822 0.949983 0.95291 0.938392 0.897942 0.839791 0.850685 1.06822 0.950444 0.790752 0.836822 0.850685 0.791295 0.679995 0.793271 0.511167 0.949983 1.06822 0.679995 0.881837 0.880175 0.775904 0.95291 0.950444 0.793271 0.880175 0.897987 0.876617 0.938392 0.790752 0.511167 0.775904 0.876617 0.96107 0.95628 0.90799 0.891938 0.95291 0.967822 0.957257 0.90799 0.831476 0.847704 0.950444 0.936461 0.864408 0.891938 0.847704 0.820016 0.793271 0.880378 0.779591 0.95291 0.950444 0.793271 0.880175 0.897987 0.876617 0.967822 0.936461 0.880378 0.897987 0.958075 0.950461 0.957257 0.864408 0.779591 0.876617 0.950461 0.989634 0.90761 0.81806 0.839947 0.938392 0.957257 0.872049 0.81806 0.609232 0.648235 0.790752 0.864408 0.686149 0.839947 0.648235 0.652223 0.511167 0.779591 0.727628 0.938392 0.790752 0.511167 0.775904 0.876617 0.96107 0.957257 0.864408 0.779591 0.876617 0.950461 0.989634 0.872049 0.686149 0.727628 0.96107 0.989634 0.81576 
Time 0.5
0.930428 0.917188 0.930199 0.938948 0.942096 0.896383 0.917188 0.945453 0.958186 0.89285 0.894294 0.821976 0.930199 0.958186 0.906648 0.84103 0.879172 0.838948 0.938948 0.89285 0.84103 0.927421 0.938709 0.923721 0.942096 0.894294 0.879172 0.938709 0.95673 0.943415 0.896383 0.821976 0.838948 0.923721 0.943415 0.874775 0.917188 0.945453 0.958186 0.89285 0.894294 0.821976 0.945453 1.18082 1.19687 0.872086 0.834122 0.682925 0.958186 1.19687 1.04488 0.869385 0.8438 0.705474 0.89285 0.872086 0.869385 0.996223 0.925215 0.801634 0.894294 0.834122 0.8438 0.925215 0.921933 0.858577 0.821976 0.682925 0.705474 0.801634 0.858577 0.741284 0.930199 0.958186 0.906648 0.84103 0.879172 0.838948 0.958186 1.19687 1.04488 0.869385 0.8438 0.705474 0.906648 1.04488 0.941109 0.805296 0.810387 0.679737 0.84103 0.869385 0.805296 0.740755 0.796701 0.612787 0.879172 0.8438 0.810387 0.796701 0.862002 0.7906 0.838948 0.705474 0.679737 0.612787 0.7906 0.763164 0.938948 0.89285 0.84103 0.927421 0.938709 0.923721 0.89285 0.872086 0.869385 0.996223 0.925215 0.801634 0.84103 0.869385 0.805296 0.740755 0.796701 0.612787 0.927421 0.996223 0.740755 0.851919 0.863357 0.783209 0.938709 0.925215 0.796701 0.863357 0.891712 0.877978 0.923721 0.801634 0.612787 0.783209 0.877978 0.933965 0.942096 0.894294 0.879172 0.938709 0.95673 0.943415 0.894294 0.834122 0.8438 0.925215 0.921933 0.858577 0.879172 0.8438 0.810387 0.796701 0.862002 0.7906 0.938709 0.925215 0.796701 0.863357 0.891712 0.877978 0.95673 0.921933 0.862002 0.891712 0.942858 0.943281 0.943415 0.858577 0.7906 0.877978 0.943281 0.96617 0.896383 0.821976 0.838948 0.923721 0.943415 0.874775 0.821976 0.682925 0.705474 0.801634 0.858577 0.741284 0.838948 0.705474 0.679737 0.612787 0.7906 0.763164 0.923721 0.801634 0.612787 0.783209 0.877978 0.933965 0.943415 0.858577 0.7906 0.877978 0.943281 0.96617 0.874775 0.741284 0.763164 0.933965 0.96617 0.855027 
Time 0.6
0.918646 0.908996 0.919182 0.92756 0.929384 0.889023 0.908996 0.938602 0.94328 0.88948 0.884776 0.828517 0.919182 0.94328 0.898276 0.846176 0.870874 0.840904 0.92756 0.88948 0.846176 0.91021 0.925555 0.911982 0.929384 0.884776 0.870874 0.925555 0.945337 0.931521 0.889023 0.828517 0.840904 0.911982 0.931521 0.87774 0.908996 0.938602 0.94328 0.88948 0.884776 0.828517 0.938602 1.12379 1.11886 0.888423 0.838733 0.734752 0.94328 1.11886 1.01716 0.878676 0.842892 0.746213 0.88948 0.888423 0.878676 0.95121 0.906019 0.81297 0.884776 0.838733 0.842892 0.906019 0.908821 0.856492 0.828517 0.734752 0.746213 0.81297 0.856492 0.77805 0.919182 0.94328 0.898276 0.846176 0.870874 0.840904 0.94328 1.11886 1.01716 0.878676 0.842892 0.746213 0.898276 1.01716 0.932493 0.819101 0.807752 0.709864 0.846176 0.878676 0.819101 0.77753 0.802709 0.681001 0.870874 0.842892 0.807752 0.802709 0.851445 0.801962 0.840904 0.746213 0.709864 0.681001 0.801962 0.788213 0.92756 0.88948 0.846176 0.91021 0.925555 0.911982 0.88948 0.888423 0.878676 0.95121 0.906019 0.81297 0.846176 0.878676 0.819101 0.77753 0.802709 0.681001 0.91021 0.95121 0.77753 0.838097 0.85259 0.794477 0.925555 0.906019 0.802709 0.85259 0.884939 0.877364 0.911982 0.81297 0.681001 0.794477 0.877364 0.915987 0.929384 0.884776 0.870874 0.925555 0.945337 0.931521 0.884776 0.838733 0.842892 0.906019 0.908821 0.856492 0.870874 0.842892 0.807752 0.802709 0.851445 0.801962 0.925555 0.906019 0.802709 0.85259 0.884939 0.877364 0.945337 0.908821 0.851445 0.884939 0.930547 0.93512 0.931521 0.856492 0.801962 0.877364 0.93512 0.949245 0.889023 0.828517 0.840904 0.911982 0.931521 0.87774 0.828517 0.734752 0.746213 0.81297 0.856492 0.77805 0.840904 0.746213 0.709864 0.681001 0.801962 0.788213 0.911982 0.81297 0.681001 0.794477 0.877364 0.915987 0.931521 0.856492 0.801962 0.877364 0.93512 0.949245 0.87774 0.77805 0.788213 0.915987 0.949245 0.876952 
Time 0.7
0.90922 0.902693 0.910123 0.917728 0.918478 0.884326 0.902693 0.9313 0.930767 0.88697 0.87841 0.83559 0.910123 0.930767 0.892293 0.850944 0.865762 0.844093 0.917728 0.88697 0.850944 0.89753 0.913987 0.902755 0.918478 0.87841 0.865762 0.913987 0.934311 0.921468 0.884326 0.83559 0.844093 0.902755 0.921468 0.880052 0.902693 0.9313 0.930767 0.88697 0.87841 0.83559 0.9313 1.07629 1.06294 0.895632 0.843666 0.771585 0.930767 1.06294 0.992488 0.882667 0.843643 0.775842 0.88697 0.895632 0.882667 0.922466 0.891917 0.823228 0.87841 0.843666 0.843643 0.891917 0.897808 0.856337 0.83559 0.771585 0.775842 0.823228 0.856337 0.803174 0.910123 0.930767 0.892293 0.850944 0.865762 0.844093 0.930767 1.06294 0.992488 0.882667 0.843643 0.775842 0.892293 0.992488 0.924663 0.83074 0.809516 0.738024 0.850944 0.882667 0.83074 0.800659 0.809344 0.728124 0.865762 0.843643 0.809516 0.809344 0.845903 0.81238 0.844093 0.775842 0.738024 0.728124 0.81238 0.806375 0.917728 0.88697 0.850944 0.89753 0.913987 0.902755 0.88697 0.895632 0.882667 0.922466 0.891917 0.823228 0.850944 0.882667 0.83074 0.800659 0.809344 0.728124 0.89753 0.922466 0.800659 0.832615 0.846297 0.806048 0.913987 0.891917 0.809344 0.846297 0.878748 0.875965 0.902755 0.823228 0.728124 0.806048 0.875965 0.903752 0.918478 0.87841 0.865762 0.913987 0.934311 0.921468 0.87841 0.843666 0.843643 0.891917 0.897808 0.856337 0.865762 0.843643 0.809516 0.809344 0.845903 0.81238 0.913987 0.891917 0.809344 0.846297 0.878748 0.875965 0.934311 0.897808 0.845903 0.878748 0.92015 0.926893 0.921468 0.856337 0.81238 0.875965 0.926893 0.93635 0.884326 0.83559 0.844093 0.902755 0.921468 0.880052 0.83559 0.771585 0.775842 0.823228 0.856337 0.803174 0.844093 0.775842 0.738024 0.728124 0.81238 0.806375 0.902755 0.823228 0.728124 0.806048 0.875965 0.903752 0.921468 0.856337 0.81238 0.875965 0.926893 0.93635 0.880052 0.803174 0.806375 0.903752 0.93635 0.88867 
Time 0.8
0.90185 0.897759 0.902781 0.909398 0.909388 0.881376 0.897759 0.924057 0.920431 0.8849 0.874299 0.842232 0.902781 0.920431 0.887969 0.854922 0.862835 0.847623 0.909398 0.8849 0.854922 0.888358 0.90418 0.895557 0.909388 0.874299 0.862835 0.90418 0.924098 0.913027 0.881376 0.842232 0.847623 0.895557 0.913027 0.881526 0.897759 0.924057 0.920431 0.8849 0.874299 0.842232 0.924057 1.03752 1.02176 0.897722 0.848222 0.798007 0.920431 1.02176 0.971333 0.883721 0.845283 0.797764 0.8849 0.897722 0.883721 0.903745 0.881818 0.831934 0.874299 0.848222 0.845283 0.881818 0.888971 0.857111 0.842232 0.798007 0.797764 0.831934 0.857111 0.820738 0.902781 0.920431 0.887969 0.854922 0.862835 0.847623 0.920431 1.02176 0.971333 0.883721 0.845283 0.797764 0.887969 0.971333 0.917513 0.839858 0.813733 0.762532 0.854922 0.883721 0.839858 0.815819 0.815809 0.761522 0.862835 0.845283 0.813733 0.815809 0.843504 0.821437 0.847623 0.797764 0.762532 0.761522 0.821437 0.819863 0.909398 0.8849 0.854922 0.888358 0.90418 0.895557 0.8849 0.897722 0.883721 0.903745 0.881818 0.831934 0.854922 0.883721 0.839858 0.815819 0.815809 0.761522 0.888358 0.903745 0.815819 0.831432 0.843102 0.81648 0.90418 0.881818 0.815809 0.843102 0.873569 0.87435 0.895557 0.831934 0.761522 0.81648 0.87435 0.895205 0.909388 0.874299 0.862835 0.90418 0.924098 0.913027 0.874299 0.848222 0.845283 0.881818 0.888971 0.857111 0.862835 0.845283 0.813733 0.815809 0.843504 0.821437 0.90418 0.881818 0.815809 0.843102 0.873569 0.87435 0.924098 0.888971 0.843504 0.873569 0.911213 0.919068 0.913027 0.857111 0.821437 0.87435 0.919068 0.926077 0.881376 0.842232 0.847623 0.895557 0.913027 0.881526 0.842232 0.798007 0.797764 0.831934 0.857111 0.820738 0.847623 0.797764 0.762532 0.761522 0.821437 0.819863 0.895557 0.831934 0.761522 0.81648 0.87435 0.895205 0.913027 0.857111 0.821437 0.87435 0.919068 0.926077 0.881526 0.820738 0.819863 0.895205 0.926077 0.894344 
Time 0.9
0.89616 0.893823 0.896878 0.90243 0.901952 0.879529 0.893823 0.917214 0.91195 0.883083 0.871742 0.848053 0.896878 0.91195 0.884773 0.858072 0.86136 0.851047 0.90243 0.883083 0.858072 0.881786 0.896085 0.889953 0.901952 0.871742 0.86136 0.896085 0.91494 0.905954 0.879529 0.848053 0.851047 0.889953 0.905954 0.882246 0.893823 0.917214 0.91195 0.883083 0.871742 0.848053 0.917214 1.00619 0.990742 0.897043 0.852161 0.817123 0.91195 0.990742 0.953562 0.883205 0.847349 0.814204 0.883083 0.897043 0.883205 0.891333 0.874746 0.839083 0.871742 0.852161 0.847349 0.874746 0.882107 0.858273 0.848053 0.817123 0.814204 0.839083 0.858273 0.833273 0.896878 0.91195 0.884773 0.858072 0.86136 0.851047 0.91195 0.990742 0.953562 0.883205 0.847349 0.814204 0.884773 0.953562 0.910998 0.846716 0.819089 0.783066 0.858072 0.883205 0.846716 0.826186 0.821802 0.785731 0.86136 0.847349 0.819089 0.821802 0.843027 0.829101 0.851047 0.814204 0.783066 0.785731 0.829101 0.83008 0.90243 0.883083 0.858072 0.881786 0.896085 0.889953 0.883083 0.897043 0.883205 0.891333 0.874746 0.839083 0.858072 0.883205 0.846716 0.826186 0.821802 0.785731 0.881786 0.891333 0.826186 0.832422 0.84196 0.825348 0.896085 0.874746 0.821802 0.84196 0.869481 0.872779 0.889953 0.839083 0.785731 0.825348 0.872779 0.889076 0.901952 0.871742 0.86136 0.896085 0.91494 0.905954 0.871742 0.852161 0.847349 0.874746 0.882107 0.858273 0.86136 0.847349 0.819089 0.821802 0.843027 0.829101 0.896085 0.874746 0.821802 0.84196 0.869481 0.872779 0.91494 0.882107 0.843027 0.869481 0.903512 0.911871 0.905954 0.858273 0.829101 0.872779 0.911871 0.917621 0.879529 0.848053 0.851047 0.889953 0.905954 0.882246 0.848053 0.817123 0.814204 0.839083 0.858273 0.833273 0.851047 0.814204 0.783066 0.785731 0.829101 0.83008 0.889953 0.839083 0.785731 0.825348 0.872779 0.889076 0.905954 0.858273 0.829101 0.872779 0.911871 0.917621 0.882246 0.833273 0.83008 0.889076 0.917621 0.89644 
Time 1
0.891784 0.890625 0.892149 0.896652 0.895939 0.878355 0.890625 0.910964 0.904999 0.881439 0.870223 0.852958 0.892149 0.904999 0.882338 0.860497 0.860817 0.854161 0.896652 0.881439 0.860497 0.877098 0.889534 0.885582 0.895939 0.870223 0.860817 0.889534 0.906926 0.900025 0.878355 0.852958 0.854161 0.885582 0.900025 0.882377 0.890625 0.910964 0.904999 0.881439 0.870223 0.852958 0.910964 0.980976 0.966935 0.89497 0.85545 0.831055 0.904999 0.966935 0.938797 0.881913 0.849562 0.82666 0.881439 0.89497 0.881913 0.882978 0.869908 0.844849 0.870223 0.85545 0.849562 0.869908 0.876912 0.859539 0.852958 0.831055 0.82666 0.844849 0.859539 0.842377 0.892149 0.904999 0.882338 0.860497 0.860817 0.854161 0.904999 0.966935 0.938797 0.881913 0.849562 0.82666 0.882338 0.938797 0.905101 0.85175 0.824757 0.799895 0.860497 0.881913 0.85175 0.833579 0.827231 0.803622 0.860817 0.849562 0.824757 0.827231 0.84369 0.835499 0.854161 0.82666 0.799895 0.803622 0.835499 0.837942 0.896652 0.881439 0.860497 0.877098 0.889534 0.885582 0.881439 0.89497 0.881913 0.882978 0.869908 0.844849 0.860497 0.881913 0.85175 0.833579 0.827231 0.803622 0.877098 0.882978 0.833579 0.834458 0.842124 0.832667 0.889534 0.869908 0.827231 0.842124 0.866399 0.871365 0.885582 0.844849 0.803622 0.832667 0.871365 0.884569 0.895939 0.870223 0.860817 0.889534 0.906926 0.900025 0.870223 0.85545 0.849562 0.869908 0.876912 0.859539 0.860817 0.849562 0.824757 0.827231 0.84369 0.835499 0.889534 0.869908 0.827231 0.842124 0.866399 0.871365 0.906926 0.876912 0.84369 0.866399 0.896906 0.905392 0.900025 0.859539 0.835499 0.871365 0.905392 0.910504 0.878355 0.852958 0.854161 0.885582 0.900025 0.882377 0.852958 0.831055 0.82666 0.844849 0.859539 0.842377 0.854161 0.82666 0.799895 0.803622 0.835499 0.837942 0.885582 0.844849 0.803622 0.832667 0.871365 0.884569 0.900025 0.859539 0.835499 0.871365 0.905392 0.910504 0.882377 0.842377 0.837942 0.884569 0.910504 0.89644 
