-1 	0 	
0 	0.032762 	
0.1 	-0.744083 	
0.2 	-0.820694 	
0.3 	-0.141385 	
0.4 	0.656483 	
0.5 	0.82809 	
0.6 	0.205665 	
0.7 	-0.647445 	
0.8 	-0.954832 	
0.9 	-0.440923 	
1 	0.41562 	
1.1 	0.821962 	
1.2 	0.400018 	
1.3 	-0.465933 	
1.4 	-0.982551 	
1.5 	-0.676818 	
1.6 	0.169072 	
1.7 	0.777159 	
1.8 	0.588966 	
1.9 	-0.221054 	
2 	-0.905928 	
2.1 	-0.832952 	
2.2 	-0.0654283 	
2.3 	0.695493 	
2.4 	0.755403 	
2.5 	0.0650171 	
2.6 	-0.73457 	
2.7 	-0.901372 	
2.8 	-0.274752 	
2.9 	0.576809 	
3 	0.878299 	
3.1 	0.360638 	
3.2 	-0.492015 	
3.3 	-0.887473 	
3.4 	-0.45394 	
3.5 	0.418082 	
3.6 	0.934737 	
3.7 	0.628608 	
3.8 	-0.21162 	
3.9 	-0.806643 	
4 	-0.603094 	
4.1 	0.217637 	
4.2 	0.90612 	
4.3 	0.83386 	
4.4 	0.0711026 	
4.5 	-0.677778 	
4.6 	-0.721886 	
4.7 	-0.0190119 	
4.8 	0.785583 	
4.9 	0.952453 	
5 	0.327876 	
5.1 	-0.514721 	
5.2 	-0.801835 	
5.3 	-0.270858 	
5.4 	0.588729 	
5.5 	0.985719 	
5.6 	0.555061 	
5.7 	-0.30591 	
5.8 	-0.801965 	
5.9 	-0.470018 	
6 	0.396607 	
6.1 	1.01986 	


-1 	0.1 	
0 	-0.0113871 	
0.1 	-0.0872701 	
0.2 	-0.0974719 	
0.3 	-0.0353515 	
0.4 	0.0373723 	
0.5 	0.0481849 	
0.6 	-0.0189929 	
0.7 	-0.108636 	
0.8 	-0.144399 	
0.9 	-0.0991188 	
1 	-0.0196578 	
1.1 	0.0162754 	
1.2 	-0.02836 	
1.3 	-0.115833 	
1.4 	-0.168296 	
1.5 	-0.139334 	
1.6 	-0.0566236 	
1.7 	0.00351747 	
1.8 	-0.0137056 	
1.9 	-0.0911958 	
2 	-0.1557 	
2.1 	-0.145182 	
2.2 	-0.0658866 	
2.3 	0.0133629 	
2.4 	0.0243995 	
2.5 	-0.0376643 	
2.6 	-0.109996 	
2.7 	-0.119871 	
2.8 	-0.0515952 	
2.9 	0.0389961 	
3 	0.0758062 	
3.1 	0.0323669 	
3.2 	-0.0438994 	
3.3 	-0.0753542 	
3.4 	-0.0255972 	
3.5 	0.0669942 	
3.6 	0.124477 	
3.7 	0.100933 	
3.8 	0.0246225 	
3.9 	-0.0280642 	
4 	-0.00289302 	
4.1 	0.0822983 	
4.2 	0.153956 	
4.3 	0.150397 	
4.4 	0.0784913 	
4.5 	0.00732484 	
4.6 	0.0046686 	
4.7 	0.0746678 	
4.8 	0.154035 	
4.9 	0.170247 	
5 	0.108239 	
5.1 	0.0242676 	
5.2 	-0.00580537 	
5.3 	0.0437246 	
5.4 	0.124713 	
5.5 	0.1593 	
5.6 	0.111244 	
5.7 	0.0188076 	
5.8 	-0.0411576 	
5.9 	-0.0250419 	
6 	0.0355713 	
6.1 	0.060081 	


-1 	0.2 	
0 	-0.00907004 	
0.1 	-0.021469 	
0.2 	-0.0272878 	
0.3 	-0.0260882 	
0.4 	-0.0239623 	
0.5 	-0.0279699 	
0.6 	-0.0395929 	
0.7 	-0.0532759 	
0.8 	-0.0614229 	
0.9 	-0.0612722 	
1 	-0.0573369 	
1.1 	-0.0571695 	
1.2 	-0.0643466 	
1.3 	-0.0751223 	
1.4 	-0.0818269 	
1.5 	-0.0798846 	
1.6 	-0.0719973 	
1.7 	-0.0656474 	
1.8 	-0.066214 	
1.9 	-0.0720315 	
2 	-0.0759325 	
2.1 	-0.0718567 	
2.2 	-0.0604484 	
2.3 	-0.0484962 	
2.4 	-0.04273 	
2.5 	-0.0436768 	
2.6 	-0.0452248 	
2.7 	-0.0402956 	
2.8 	-0.0274089 	
2.9 	-0.0121036 	
3 	-0.00190827 	
3.1 	0.000515619 	
3.2 	-0.000245623 	
3.3 	0.00335852 	
3.4 	0.0148339 	
3.5 	0.0303525 	
3.6 	0.0422068 	
3.7 	0.0458342 	
3.8 	0.0439516 	
3.9 	0.044002 	
4 	0.0512589 	
4.1 	0.0639311 	
4.2 	0.0747665 	
4.3 	0.0776831 	
4.4 	0.0733282 	
4.5 	0.0684571 	
4.6 	0.0696992 	
4.7 	0.0774443 	
4.8 	0.0854671 	
4.9 	0.0866331 	
5 	0.0794376 	
5.1 	0.069362 	
5.2 	0.0637958 	
5.3 	0.0651898 	
5.4 	0.0687302 	
5.5 	0.0666724 	
5.6 	0.0553518 	
5.7 	0.038442 	
5.8 	0.0234957 	
5.9 	0.0150146 	
6 	0.0105392 	
6.1 	0.00356061 	


-1 	0.3 	
0 	-0.0042835 	
0.1 	-0.0114862 	
0.2 	-0.0176906 	
0.3 	-0.0229353 	
0.4 	-0.0278647 	
0.5 	-0.0331843 	
0.6 	-0.0390254 	
0.7 	-0.0448097 	
0.8 	-0.0497474 	
0.9 	-0.0535176 	
1 	-0.0565122 	
1.1 	-0.0594245 	
1.2 	-0.0625622 	
1.3 	-0.0655215 	
1.4 	-0.0675207 	
1.5 	-0.0680892 	
1.6 	-0.0674783 	
1.7 	-0.0664154 	
1.8 	-0.0654293 	
1.9 	-0.0643648 	
2 	-0.0625336 	
2.1 	-0.0593625 	
2.2 	-0.054942 	
2.3 	-0.0499708 	
2.4 	-0.0451471 	
2.5 	-0.0405651 	
2.6 	-0.035672 	
2.7 	-0.0298236 	
2.8 	-0.022928 	
2.9 	-0.0155842 	
3 	-0.00858859 	
3.1 	-0.00226097 	
3.2 	0.00378899 	
3.3 	0.0102424 	
3.4 	0.0173842 	
3.5 	0.0247811 	
3.6 	0.0316208 	
3.7 	0.0374019 	
3.8 	0.0423397 	
3.9 	0.0471164 	
4 	0.0522045 	
4.1 	0.0573872 	
4.2 	0.0619154 	
4.3 	0.0651586 	
4.4 	0.0671493 	
4.5 	0.0685222 	
4.6 	0.0699015 	
4.7 	0.0713011 	
4.8 	0.0720863 	
4.9 	0.0715335 	
5 	0.0694707 	
5.1 	0.0664112 	
5.2 	0.0630566 	
5.3 	0.0596281 	
5.4 	0.0556434 	
5.5 	0.0503501 	
5.6 	0.0434245 	
5.7 	0.0353062 	
5.8 	0.0268744 	
5.9 	0.0187803 	
6 	0.0110629 	
6.1 	0.00339785 	


-1 	0.4 	
0 	-0.00190613 	
0.1 	-0.00831165 	
0.2 	-0.0143997 	
0.3 	-0.0201587 	
0.4 	-0.02564 	
0.5 	-0.0308989 	
0.6 	-0.0359292 	
0.7 	-0.0406499 	
0.8 	-0.0449546 	
0.9 	-0.04878 	
1 	-0.0521317 	
1.1 	-0.0550454 	
1.2 	-0.0575211 	
1.3 	-0.0594927 	
1.4 	-0.0608614 	
1.5 	-0.0615642 	
1.6 	-0.0616145 	
1.7 	-0.0610785 	
1.8 	-0.0600087 	
1.9 	-0.0583969 	
2 	-0.0561883 	
2.1 	-0.0533451 	
2.2 	-0.0499002 	
2.3 	-0.0459512 	
2.4 	-0.0416001 	
2.5 	-0.0368944 	
2.6 	-0.0318216 	
2.7 	-0.0263637 	
2.8 	-0.0205599 	
2.9 	-0.0145193 	
3 	-0.00837214 	
3.1 	-0.00220336 	
3.2 	0.00397118 	
3.3 	0.0101639 	
3.4 	0.0163488 	
3.5 	0.0224302 	
3.6 	0.0282765 	
3.7 	0.0337884 	
3.8 	0.0389389 	
3.9 	0.0437493 	
4 	0.0482231 	
4.1 	0.0522986 	
4.2 	0.0558654 	
4.3 	0.0588271 	
4.4 	0.0611557 	
4.5 	0.0628849 	
4.6 	0.0640504 	
4.7 	0.0646308 	
4.8 	0.0645442 	
4.9 	0.0637033 	
5 	0.0620795 	
5.1 	0.0597165 	
5.2 	0.056684 	
5.3 	0.0530143 	
5.4 	0.0486832 	
5.5 	0.0436561 	
5.6 	0.0379596 	
5.7 	0.0317166 	
5.8 	0.0251146 	
5.9 	0.0183366 	
6 	0.0115143 	
6.1 	0.00473713 	


-1 	0.5 	
0 	-0.000772633 	
0.1 	-0.00661895 	
0.2 	-0.012296 	
0.3 	-0.0177627 	
0.4 	-0.0229897 	
0.5 	-0.0279518 	
0.6 	-0.0326191 	
0.7 	-0.0369554 	
0.8 	-0.0409223 	
0.9 	-0.044486 	
1 	-0.0476202 	
1.1 	-0.0503033 	
1.2 	-0.0525122 	
1.3 	-0.0542202 	
1.4 	-0.0554009 	
1.5 	-0.0560357 	
1.6 	-0.0561175 	
1.7 	-0.0556496 	
1.8 	-0.0546389 	
1.9 	-0.0530912 	
2 	-0.0510129 	
2.1 	-0.0484171 	
2.2 	-0.0453284 	
2.3 	-0.0417826 	
2.4 	-0.03782 	
2.5 	-0.0334793 	
2.6 	-0.0287971 	
2.7 	-0.0238125 	
2.8 	-0.0185727 	
2.9 	-0.0131342 	
3 	-0.00755723 	
3.1 	-0.00189874 	
3.2 	0.0037902 	
3.3 	0.00946105 	
3.4 	0.0150616 	
3.5 	0.0205334 	
3.6 	0.0258156 	
3.7 	0.0308517 	
3.8 	0.0355941 	
3.9 	0.040002 	
4 	0.0440351 	
4.1 	0.0476495 	
4.2 	0.050799 	
4.3 	0.0534418 	
4.4 	0.0555461 	
4.5 	0.0570894 	
4.6 	0.0580532 	
4.7 	0.0584172 	
4.8 	0.0581599 	
4.9 	0.0572642 	
5 	0.0557246 	
5.1 	0.0535495 	
5.2 	0.0507577 	
5.3 	0.0473732 	
5.4 	0.0434247 	
5.5 	0.0389502 	
5.6 	0.0340053 	
5.7 	0.0286648 	
5.8 	0.0230192 	
5.9 	0.0171641 	
6 	0.0111917 	
6.1 	0.00518703 	


-1 	0.6 	
0 	-0.000195706 	
0.1 	-0.00550628 	
0.2 	-0.0107056 	
0.3 	-0.0157459 	
0.4 	-0.0205844 	
0.5 	-0.0251825 	
0.6 	-0.0295036 	
0.7 	-0.0335132 	
0.8 	-0.0371785 	
0.9 	-0.0404695 	
1 	-0.0433588 	
1.1 	-0.045822 	
1.2 	-0.0478371 	
1.3 	-0.0493846 	
1.4 	-0.0504486 	
1.5 	-0.0510174 	
1.6 	-0.0510843 	
1.7 	-0.0506479 	
1.8 	-0.0497113 	
1.9 	-0.048282 	
2 	-0.0463718 	
2.1 	-0.0439974 	
2.2 	-0.0411811 	
2.3 	-0.0379501 	
2.4 	-0.0343357 	
2.5 	-0.030373 	
2.6 	-0.0260997 	
2.7 	-0.0215565 	
2.8 	-0.0167879 	
2.9 	-0.0118407 	
3 	-0.00676413 	
3.1 	-0.00160829 	
3.2 	0.0035766 	
3.3 	0.00874014 	
3.4 	0.0138316 	
3.5 	0.0188 	
3.6 	0.0235951 	
3.7 	0.0281682 	
3.8 	0.0324728 	
3.9 	0.0364654 	
4 	0.0401043 	
4.1 	0.0433502 	
4.2 	0.0461661 	
4.3 	0.0485187 	
4.4 	0.050379 	
4.5 	0.0517226 	
4.6 	0.0525296 	
4.7 	0.0527841 	
4.8 	0.0524754 	
4.9 	0.0515982 	
5 	0.0501544 	
5.1 	0.0481536 	
5.2 	0.0456132 	
5.3 	0.0425584 	
5.4 	0.039022 	
5.5 	0.0350454 	
5.6 	0.0306784 	
5.7 	0.0259786 	
5.8 	0.0210102 	
5.9 	0.015841 	
6 	0.0105394 	
6.1 	0.00517256 	


-1 	0.7 	
0 	0.000112718 	
0.1 	-0.00469981 	
0.2 	-0.0094317 	
0.3 	-0.0140362 	
0.4 	-0.0184697 	
0.5 	-0.0226918 	
0.6 	-0.0266648 	
0.7 	-0.0303539 	
0.8 	-0.033727 	
0.9 	-0.036755 	
1 	-0.0394116 	
1.1 	-0.0416735 	
1.2 	-0.0435205 	
1.3 	-0.0449358 	
1.4 	-0.0459062 	
1.5 	-0.0464225 	
1.6 	-0.0464792 	
1.7 	-0.0460754 	
1.8 	-0.0452144 	
1.9 	-0.0439036 	
2 	-0.042155 	
2.1 	-0.0399848 	
2.2 	-0.0374133 	
2.3 	-0.034465 	
2.4 	-0.0311682 	
2.5 	-0.0275546 	
2.6 	-0.0236592 	
2.7 	-0.0195198 	
2.8 	-0.0151767 	
2.9 	-0.0106725 	
3 	-0.00605146 	
3.1 	-0.00135916 	
3.2 	0.00335806 	
3.3 	0.00805342 	
3.4 	0.0126801 	
3.5 	0.0171916 	
3.6 	0.0215423 	
3.7 	0.0256878 	
3.8 	0.0295852 	
3.9 	0.0331938 	
4 	0.0364753 	
4.1 	0.0393938 	
4.2 	0.0419167 	
4.3 	0.0440147 	
4.4 	0.0456623 	
4.5 	0.0468382 	
4.6 	0.0475256 	
4.7 	0.0477126 	
4.8 	0.0473925 	
4.9 	0.0465642 	
5 	0.0452324 	
5.1 	0.0434084 	
5.2 	0.0411098 	
5.3 	0.038361 	
5.4 	0.0351923 	
5.5 	0.0316408 	
5.6 	0.0277487 	
5.7 	0.0235637 	
5.8 	0.0191372 	
5.9 	0.0145234 	
6 	0.00977782 	
6.1 	0.00495609 	


-1 	0.8 	
0 	0.000279507 	
0.1 	-0.00407901 	
0.2 	-0.00837545 	
0.3 	-0.0125663 	
0.4 	-0.0166101 	
0.5 	-0.0204679 	
0.6 	-0.0241034 	
0.7 	-0.0274828 	
0.8 	-0.030575 	
0.9 	-0.033352 	
1 	-0.0357887 	
1.1 	-0.0378632 	
1.2 	-0.0395566 	
1.3 	-0.0408536 	
1.4 	-0.0417424 	
1.5 	-0.0422148 	
1.6 	-0.0422665 	
1.7 	-0.0418969 	
1.8 	-0.0411094 	
1.9 	-0.0399114 	
2 	-0.0383142 	
2.1 	-0.0363329 	
2.2 	-0.0339865 	
2.3 	-0.0312973 	
2.4 	-0.0282914 	
2.5 	-0.0249978 	
2.6 	-0.0214486 	
2.7 	-0.0176782 	
2.8 	-0.0137237 	
2.9 	-0.00962396 	
3 	-0.00541932 	
3.1 	-0.00115146 	
3.2 	0.00313716 	
3.3 	0.0074037 	
3.4 	0.0116053 	
3.5 	0.0156993 	
3.6 	0.0196442 	
3.7 	0.0233992 	
3.8 	0.0269254 	
3.9 	0.0301856 	
4 	0.033145 	
4.1 	0.0357714 	
4.2 	0.0380355 	
4.3 	0.0399115 	
4.4 	0.0413772 	
4.5 	0.0424144 	
4.6 	0.0430092 	
4.7 	0.0431524 	
4.8 	0.0428395 	
4.9 	0.0420714 	
5 	0.0408539 	
5.1 	0.0391986 	
5.2 	0.0371224 	
5.3 	0.0346474 	
5.4 	0.031801 	
5.5 	0.0286155 	
5.6 	0.0251275 	
5.7 	0.0213774 	
5.8 	0.0174086 	
5.9 	0.013267 	
6 	0.00899976 	
6.1 	0.0046547 	


-1 	0.9 	
0 	0.000366485 	
0.1 	-0.00358086 	
0.2 	-0.00747839 	
0.3 	-0.0112862 	
0.4 	-0.014966 	
0.5 	-0.0184814 	
0.6 	-0.0217982 	
0.7 	-0.0248845 	
0.8 	-0.0277109 	
0.9 	-0.0302509 	
1 	-0.0324808 	
1.1 	-0.0343798 	
1.2 	-0.0359306 	
1.3 	-0.0371188 	
1.4 	-0.0379334 	
1.5 	-0.0383672 	
1.6 	-0.0384162 	
1.7 	-0.0380802 	
1.8 	-0.0373626 	
1.9 	-0.0362702 	
2 	-0.0348137 	
2.1 	-0.0330072 	
2.2 	-0.0308681 	
2.3 	-0.0284172 	
2.4 	-0.0256783 	
2.5 	-0.022678 	
2.6 	-0.0194458 	
2.7 	-0.0160133 	
2.8 	-0.0124142 	
2.9 	-0.00868427 	
3 	-0.00486034 	
3.1 	-0.000980502 	
3.2 	0.00291643 	
3.3 	0.00679128 	
3.4 	0.0106049 	
3.5 	0.0143185 	
3.6 	0.017894 	
3.7 	0.0212944 	
3.8 	0.0244844 	
3.9 	0.0274303 	
4 	0.0301007 	
4.1 	0.0324666 	
4.2 	0.034502 	
4.3 	0.0361841 	
4.4 	0.0374934 	
4.5 	0.0384144 	
4.6 	0.0389354 	
4.7 	0.039049 	
4.8 	0.0387522 	
4.9 	0.0380467 	
5 	0.0369388 	
5.1 	0.0354393 	
5.2 	0.0335639 	
5.3 	0.0313326 	
5.4 	0.0287699 	
5.5 	0.0259041 	
5.6 	0.0227671 	
5.7 	0.0193941 	
5.8 	0.0158227 	
5.9 	0.0120927 	
6 	0.00824535 	
6.1 	0.00432253 	


-1 	1 	
0 	0.000406567 	
0.1 	-0.00316904 	
0.2 	-0.00670346 	
0.3 	-0.0101604 	
0.4 	-0.0135047 	
0.5 	-0.016703 	
0.6 	-0.0197233 	
0.7 	-0.0225362 	
0.8 	-0.0251143 	
0.9 	-0.0274327 	
1 	-0.0294693 	
1.1 	-0.0312047 	
1.2 	-0.0326226 	
1.3 	-0.0337097 	
1.4 	-0.0344559 	
1.5 	-0.0348544 	
1.6 	-0.0349015 	
1.7 	-0.0345972 	
1.8 	-0.0339446 	
1.9 	-0.0329502 	
2 	-0.0316239 	
2.1 	-0.0299785 	
2.2 	-0.0280302 	
2.3 	-0.0257982 	
2.4 	-0.0233043 	
2.5 	-0.0205729 	
2.6 	-0.0176311 	
2.7 	-0.0145078 	
2.8 	-0.011234 	
2.9 	-0.00784209 	
3 	-0.004366 	
3.1 	-0.000840468 	
3.2 	0.00269906 	
3.3 	0.00621686 	
3.4 	0.00967721 	
3.5 	0.0130448 	
3.6 	0.016285 	
3.7 	0.0193643 	
3.8 	0.0222506 	
3.9 	0.0249135 	
4 	0.0273248 	
4.1 	0.0294585 	
4.2 	0.0312913 	
4.3 	0.0328031 	
4.4 	0.0339768 	
4.5 	0.0347988 	
4.6 	0.0352592 	
4.7 	0.0353521 	
4.8 	0.0350752 	
4.9 	0.0344307 	
5 	0.0334245 	
5.1 	0.0320669 	
5.2 	0.0303721 	
5.3 	0.0283581 	
5.4 	0.0260467 	
5.5 	0.0234629 	
5.6 	0.0206351 	
5.7 	0.017594 	
5.8 	0.0143729 	
5.9 	0.0110068 	
6 	0.00753216 	
6.1 	0.00398618 	


-1 	1.1 	
0 	0.000418482 	
0.1 	-0.00282108 	
0.2 	-0.00602584 	
0.3 	-0.00916284 	
0.4 	-0.0122001 	
0.5 	-0.0151069 	
0.6 	-0.017854 	
0.7 	-0.0204143 	
0.8 	-0.0227623 	
0.9 	-0.0248752 	
1 	-0.0267323 	
1.1 	-0.0283157 	
1.2 	-0.0296101 	
1.3 	-0.0306034 	
1.4 	-0.031286 	
1.5 	-0.0316516 	
1.6 	-0.031697 	
1.7 	-0.0314219 	
1.8 	-0.0308292 	
1.9 	-0.0299251 	
2 	-0.0287184 	
2.1 	-0.0272211 	
2.2 	-0.0254482 	
2.3 	-0.023417 	
2.4 	-0.0211477 	
2.5 	-0.0186627 	
2.6 	-0.0159867 	
2.7 	-0.0131462 	
2.8 	-0.0101697 	
2.9 	-0.00708662 	
3 	-0.00392805 	
3.1 	-0.000725679 	
3.2 	0.00248817 	
3.3 	0.00568093 	
3.4 	0.0088201 	
3.5 	0.0118736 	
3.6 	0.0148099 	
3.7 	0.0175987 	
3.8 	0.020211 	
3.9 	0.0226193 	
4 	0.0247981 	
4.1 	0.0267243 	
4.2 	0.0283771 	
4.3 	0.0297385 	
4.4 	0.0307933 	
4.5 	0.0315299 	
4.6 	0.0319396 	
4.7 	0.0320173 	
4.8 	0.0317615 	
4.9 	0.0311743 	
5 	0.0302615 	
5.1 	0.0290324 	
5.2 	0.0274999 	
5.3 	0.0256802 	
5.4 	0.0235926 	
5.5 	0.0212596 	
5.6 	0.0187063 	
5.7 	0.0159602 	
5.8 	0.0130506 	
5.9 	0.0100089 	
6 	0.00686729 	
6.1 	0.00365923 	


-1 	1.2 	
0 	0.000413413 	
0.1 	-0.00252225 	
0.2 	-0.00542804 	
0.3 	-0.00827404 	
0.4 	-0.0110312 	
0.5 	-0.0136714 	
0.6 	-0.0161681 	
0.7 	-0.0184962 	
0.8 	-0.0206324 	
0.9 	-0.0225557 	
1 	-0.0242471 	
1.1 	-0.0256899 	
1.2 	-0.0268702 	
1.3 	-0.0277764 	
1.4 	-0.0284 	
1.5 	-0.028735 	
1.6 	-0.0287783 	
1.7 	-0.0285297 	
1.8 	-0.027992 	
1.9 	-0.0271705 	
2 	-0.0260735 	
2.1 	-0.024712 	
2.2 	-0.0230997 	
2.3 	-0.0212524 	
2.4 	-0.0191888 	
2.5 	-0.0169292 	
2.6 	-0.0144963 	
2.7 	-0.0119144 	
2.8 	-0.00920924 	
2.9 	-0.00640807 	
3 	-0.00353905 	
3.1 	-0.000631123 	
3.2 	0.00228626 	
3.3 	0.00518345 	
3.4 	0.00803089 	
3.5 	0.0107994 	
3.6 	0.0134605 	
3.7 	0.0159867 	
3.8 	0.0183517 	
3.9 	0.0205307 	
4 	0.0225009 	
4.1 	0.0242413 	
4.2 	0.0257335 	
4.3 	0.0269613 	
4.4 	0.0279114 	
4.5 	0.0285733 	
4.6 	0.0289395 	
4.7 	0.0290058 	
4.8 	0.0287709 	
4.9 	0.0282369 	
5 	0.0274092 	
5.1 	0.0262962 	
5.2 	0.0249096 	
5.3 	0.023264 	
5.4 	0.0213768 	
5.5 	0.019268 	
5.6 	0.01696 	
5.7 	0.0144774 	
5.8 	0.0118466 	
5.9 	0.0090953 	
6 	0.00625267 	
6.1 	0.00334857 	


-1 	1.3 	
0 	0.000398262 	
0.1 	-0.00226246 	
0.2 	-0.0048972 	
0.3 	-0.00747886 	
0.4 	-0.009981 	
0.5 	-0.0123781 	
0.6 	-0.0146459 	
0.7 	-0.0167615 	
0.8 	-0.0187036 	
0.9 	-0.0204528 	
1 	-0.0219918 	
1.1 	-0.0233052 	
1.2 	-0.0243801 	
1.3 	-0.025206 	
1.4 	-0.0257749 	
1.5 	-0.0260813 	
1.6 	-0.0261223 	
1.7 	-0.0258977 	
1.8 	-0.0254099 	
1.9 	-0.0246639 	
2 	-0.0236673 	
2.1 	-0.02243 	
2.2 	-0.0209645 	
2.3 	-0.0192855 	
2.4 	-0.0174098 	
2.5 	-0.0153563 	
2.6 	-0.0131454 	
2.7 	-0.0107994 	
2.8 	-0.00834194 	
2.9 	-0.00579775 	
3 	-0.00319252 	
3.1 	-0.000552635 	
3.2 	0.0020951 	
3.3 	0.00472371 	
3.4 	0.00730635 	
3.5 	0.00981654 	
3.6 	0.0122284 	
3.7 	0.0145171 	
3.8 	0.0166589 	
3.9 	0.0186313 	
4 	0.0204138 	
4.1 	0.0219877 	
4.2 	0.0233361 	
4.3 	0.0244448 	
4.4 	0.0253019 	
4.5 	0.025898 	
4.6 	0.0262265 	
4.7 	0.0262838 	
4.8 	0.0260689 	
4.9 	0.0255837 	
5 	0.0248333 	
5.1 	0.0238253 	
5.2 	0.0225701 	
5.3 	0.021081 	
5.4 	0.0193737 	
5.5 	0.017466 	
5.6 	0.0153781 	
5.7 	0.013132 	
5.8 	0.0107513 	
5.9 	0.00826115 	
6 	0.00568756 	
6.1 	0.00305747 	


-1 	1.4 	
0 	0.000377385 	
0.1 	-0.00203447 	
0.2 	-0.00442352 	
0.3 	-0.00676521 	
0.4 	-0.00903553 	
0.5 	-0.0112113 	
0.6 	-0.0132704 	
0.7 	-0.0151919 	
0.8 	-0.0169565 	
0.9 	-0.0185464 	
1 	-0.0199457 	
1.1 	-0.0211403 	
1.2 	-0.0221184 	
1.3 	-0.0228704 	
1.4 	-0.0233888 	
1.5 	-0.0236686 	
1.6 	-0.0237071 	
1.7 	-0.0235041 	
1.8 	-0.0230617 	
1.9 	-0.0223845 	
2 	-0.0214794 	
2.1 	-0.0203555 	
2.2 	-0.0190241 	
2.3 	-0.0174987 	
2.4 	-0.0157946 	
2.5 	-0.013929 	
2.6 	-0.0119207 	
2.7 	-0.0097899 	
2.8 	-0.00755816 	
2.9 	-0.00524803 	
3 	-0.00288293 	
3.1 	-0.000486879 	
3.2 	0.00191575 	
3.3 	0.00430045 	
3.4 	0.00664282 	
3.5 	0.00891884 	
3.6 	0.0111051 	
3.7 	0.013179 	
3.8 	0.0151191 	
3.9 	0.0169052 	
4 	0.0185187 	
4.1 	0.0199427 	
4.2 	0.0211622 	
4.3 	0.0221643 	
4.4 	0.0229384 	
4.5 	0.0234761 	
4.6 	0.0237717 	
4.7 	0.0238217 	
4.8 	0.0236255 	
4.9 	0.0231851 	
5 	0.0225047 	
5.1 	0.0215915 	
5.2 	0.0204549 	
5.3 	0.0191068 	
5.4 	0.0175612 	
5.5 	0.0158344 	
5.6 	0.0139445 	
5.7 	0.0119112 	
5.8 	0.00975579 	
5.9 	0.00750085 	
6 	0.00516988 	
6.1 	0.00278715 	


-1 	1.5 	
0 	0.000353564 	
0.1 	-0.00183294 	
0.2 	-0.00399929 	
0.3 	-0.00612322 	
0.4 	-0.00818294 	
0.5 	-0.0101574 	
0.6 	-0.0120265 	
0.7 	-0.0137712 	
0.8 	-0.0153738 	
0.9 	-0.0168181 	
1 	-0.0180896 	
1.1 	-0.0191755 	
1.2 	-0.020065 	
1.3 	-0.020749 	
1.4 	-0.021221 	
1.5 	-0.0214762 	
1.6 	-0.0215121 	
1.7 	-0.0213285 	
1.8 	-0.0209274 	
1.9 	-0.0203128 	
2 	-0.019491 	
2.1 	-0.0184705 	
2.2 	-0.0172614 	
2.3 	-0.015876 	
2.4 	-0.0143284 	
2.5 	-0.0126341 	
2.6 	-0.0108104 	
2.7 	-0.00887559 	
2.8 	-0.00684938 	
2.9 	-0.00475229 	
3 	-0.00260563 	
3.1 	-0.000431238 	
3.2 	0.00174872 	
3.3 	0.00391197 	
3.4 	0.00603638 	
3.5 	0.00810014 	
3.6 	0.010082 	
3.7 	0.0119616 	
3.8 	0.0137195 	
3.9 	0.0153374 	
4 	0.0167985 	
4.1 	0.0180875 	
4.2 	0.0191911 	
4.3 	0.0200975 	
4.4 	0.0207973 	
4.5 	0.021283 	
4.6 	0.0215493 	
4.7 	0.0215934 	
4.8 	0.0214147 	
4.9 	0.0210149 	
5 	0.020398 	
5.1 	0.0195706 	
5.2 	0.018541 	
5.3 	0.01732 	
5.4 	0.0159203 	
5.5 	0.0143566 	
5.6 	0.0126451 	
5.7 	0.0108036 	
5.8 	0.00885139 	
5.9 	0.00680873 	
6 	0.00469686 	
6.1 	0.00253768 	


-1 	1.6 	
0 	0.000328582 	
0.1 	-0.0016538 	
0.2 	-0.00361826 	
0.3 	-0.00554463 	
0.4 	-0.00741313 	
0.5 	-0.00920466 	
0.6 	-0.0109009 	
0.7 	-0.0124846 	
0.8 	-0.0139396 	
0.9 	-0.0152512 	
1 	-0.0164062 	
1.1 	-0.0173928 	
1.2 	-0.0182011 	
1.3 	-0.018823 	
1.4 	-0.0192523 	
1.5 	-0.0194848 	
1.6 	-0.0195181 	
1.7 	-0.019352 	
1.8 	-0.0189883 	
1.9 	-0.0184306 	
2 	-0.0176847 	
2.1 	-0.0167582 	
2.2 	-0.0156605 	
2.3 	-0.0144027 	
2.4 	-0.0129976 	
2.5 	-0.0114593 	
2.6 	-0.00980365 	
2.7 	-0.00804728 	
2.8 	-0.00620808 	
2.9 	-0.00430475 	
3 	-0.00235667 	
3.1 	-0.000383688 	
3.2 	0.00159405 	
3.3 	0.00355631 	
3.4 	0.00548302 	
3.5 	0.00735438 	
3.6 	0.00915117 	
3.7 	0.0108549 	
3.8 	0.0124479 	
3.9 	0.0139138 	
4 	0.0152373 	
4.1 	0.0164047 	
4.2 	0.0174038 	
4.3 	0.0182242 	
4.4 	0.0188572 	
4.5 	0.0192963 	
4.6 	0.0195367 	
4.7 	0.0195758 	
4.8 	0.0194131 	
4.9 	0.0190503 	
5 	0.0184911 	
5.1 	0.0177411 	
5.2 	0.0168083 	
5.3 	0.0157021 	
5.4 	0.0144342 	
5.5 	0.0130176 	
5.6 	0.0114671 	
5.7 	0.00979885 	
5.8 	0.00803011 	
5.9 	0.00617924 	
6 	0.00426542 	
6.1 	0.00230846 	


-1 	1.7 	
0 	0.000303575 	
0.1 	-0.00149386 	
0.2 	-0.00327531 	
0.3 	-0.00502246 	
0.4 	-0.00671739 	
0.5 	-0.00834274 	
0.6 	-0.00988191 	
0.7 	-0.0113192 	
0.8 	-0.0126399 	
0.9 	-0.0138307 	
1 	-0.0148793 	
1.1 	-0.0157753 	
1.2 	-0.0165096 	
1.3 	-0.0170747 	
1.4 	-0.017465 	
1.5 	-0.0176766 	
1.6 	-0.0177073 	
1.7 	-0.017557 	
1.8 	-0.0172272 	
1.9 	-0.0167212 	
2 	-0.0160444 	
2.1 	-0.0152035 	
2.2 	-0.0142071 	
2.3 	-0.0130653 	
2.4 	-0.0117899 	
2.5 	-0.0103936 	
2.6 	-0.00889081 	
2.7 	-0.00729671 	
2.8 	-0.00562756 	
2.9 	-0.00390036 	
3 	-0.00213271 	
3.1 	-0.000342672 	
3.2 	0.00145147 	
3.3 	0.00323135 	
3.4 	0.00497874 	
3.5 	0.0066757 	
3.6 	0.00830479 	
3.7 	0.00984925 	
3.8 	0.0112931 	
3.9 	0.0126216 	
4 	0.0138207 	
4.1 	0.0148783 	
4.2 	0.0157832 	
4.3 	0.016526 	
4.4 	0.017099 	
4.5 	0.0174962 	
4.6 	0.0177134 	
4.7 	0.0177483 	
4.8 	0.0176004 	
4.9 	0.0172712 	
5 	0.0167642 	
5.1 	0.0160844 	
5.2 	0.0152389 	
5.3 	0.0142366 	
5.4 	0.0130876 	
5.5 	0.0118041 	
5.6 	0.0103991 	
5.7 	0.0088874 	
5.8 	0.00728453 	
5.9 	0.0056071 	
6 	0.00387246 	
6.1 	0.00209851 	


-1 	1.8 	
0 	0.000279252 	
0.1 	-0.00135059 	
0.2 	-0.0029661 	
0.3 	-0.00455069 	
0.4 	-0.0060881 	
0.5 	-0.00756258 	
0.6 	-0.00895905 	
0.7 	-0.0102632 	
0.8 	-0.0114618 	
0.9 	-0.0125426 	
1 	-0.0134946 	
1.1 	-0.0143081 	
1.2 	-0.0149748 	
1.3 	-0.0154881 	
1.4 	-0.0158428 	
1.5 	-0.0160352 	
1.6 	-0.0160635 	
1.7 	-0.0159273 	
1.8 	-0.0156282 	
1.9 	-0.0151693 	
2 	-0.0145551 	
2.1 	-0.013792 	
2.2 	-0.0128877 	
2.3 	-0.0118516 	
2.4 	-0.010694 	
2.5 	-0.00942688 	
2.6 	-0.00806306 	
2.7 	-0.00661647 	
2.8 	-0.00510186 	
2.9 	-0.00353467 	
3 	-0.00193092 	
3.1 	-0.000306991 	
3.2 	0.00132051 	
3.3 	0.00293491 	
3.4 	0.00451967 	
3.5 	0.00605852 	
3.6 	0.00753566 	
3.7 	0.00893588 	
3.8 	0.0102448 	
3.9 	0.0114488 	
4 	0.0125356 	
4.1 	0.0134938 	
4.2 	0.0143136 	
4.3 	0.0149865 	
4.4 	0.0155054 	
4.5 	0.0158649 	
4.6 	0.0160613 	
4.7 	0.0160925 	
4.8 	0.0159581 	
4.9 	0.0156595 	
5 	0.0151997 	
5.1 	0.0145835 	
5.2 	0.0138172 	
5.3 	0.0129087 	
5.4 	0.0118674 	
5.5 	0.0107041 	
5.6 	0.00943078 	
5.7 	0.00806064 	
5.8 	0.00660783 	
5.9 	0.00508734 	
6 	0.00351488 	
6.1 	0.00190666 	


-1 	1.9 	
0 	0.000256038 	
0.1 	-0.00122189 	
0.2 	-0.00268695 	
0.3 	-0.0041241 	
0.4 	-0.00551858 	
0.5 	-0.00685612 	
0.6 	-0.00812301 	
0.7 	-0.00930629 	
0.8 	-0.0103939 	
0.9 	-0.0113747 	
1 	-0.0122387 	
1.1 	-0.0129771 	
1.2 	-0.0135824 	
1.3 	-0.0140485 	
1.4 	-0.0143706 	
1.5 	-0.0145455 	
1.6 	-0.0145714 	
1.7 	-0.0144481 	
1.8 	-0.0141769 	
1.9 	-0.0137605 	
2 	-0.0132033 	
2.1 	-0.0125109 	
2.2 	-0.0116904 	
2.3 	-0.0107502 	
2.4 	-0.00969976 	
2.5 	-0.00854995 	
2.6 	-0.00731244 	
2.7 	-0.00599987 	
2.8 	-0.00462565 	
2.9 	-0.0032038 	
3 	-0.00174886 	
3.1 	-0.000275719 	
3.2 	0.00120055 	
3.3 	0.00266482 	
3.4 	0.00410209 	
3.5 	0.0054976 	
3.6 	0.00683701 	
3.7 	0.00810656 	
3.8 	0.00929318 	
3.9 	0.0103846 	
4 	0.0113697 	
4.1 	0.0122381 	
4.2 	0.012981 	
4.3 	0.0135907 	
4.4 	0.0140607 	
4.5 	0.0143863 	
4.6 	0.014564 	
4.7 	0.014592 	
4.8 	0.0144699 	
4.9 	0.0141991 	
5 	0.0137821 	
5.1 	0.0132235 	
5.2 	0.0125288 	
5.3 	0.0117052 	
5.4 	0.0107614 	
5.5 	0.00970691 	
5.6 	0.00855272 	
5.7 	0.00731073 	
5.8 	0.00599374 	
5.9 	0.00461535 	
6 	0.00318975 	
6.1 	0.00173165 	


-1 	2 	
0 	0.000234171 	
0.1 	-0.00110605 	
0.2 	-0.00243469 	
0.3 	-0.00373811 	
0.4 	-0.00500292 	
0.5 	-0.00621617 	
0.6 	-0.00736543 	
0.7 	-0.00843893 	
0.8 	-0.00942569 	
0.9 	-0.0103156 	
1 	-0.0110997 	
1.1 	-0.0117698 	
1.2 	-0.0123192 	
1.3 	-0.0127423 	
1.4 	-0.0130348 	
1.5 	-0.0131936 	
1.6 	-0.0132174 	
1.7 	-0.0131057 	
1.8 	-0.0128597 	
1.9 	-0.012482 	
2 	-0.0119765 	
2.1 	-0.0113483 	
2.2 	-0.0106039 	
2.3 	-0.00975079 	
2.4 	-0.00879776 	
2.5 	-0.00775453 	
2.6 	-0.00663175 	
2.7 	-0.0054409 	
2.8 	-0.00419416 	
2.9 	-0.00290427 	
3 	-0.00158442 	
3.1 	-0.000248135 	
3.2 	0.00109091 	
3.3 	0.00241899 	
3.4 	0.00372249 	
3.5 	0.00498803 	
3.6 	0.00620262 	
3.7 	0.00735376 	
3.8 	0.00842963 	
3.9 	0.00941913 	
4 	0.0103121 	
4.1 	0.0110993 	
4.2 	0.0117726 	
4.3 	0.0123251 	
4.4 	0.012751 	
4.5 	0.0130459 	
4.6 	0.0132068 	
4.7 	0.013232 	
4.8 	0.0131212 	
4.9 	0.0128754 	
5 	0.0124974 	
5.1 	0.0119908 	
5.2 	0.011361 	
5.3 	0.0106144 	
5.4 	0.00975876 	
5.5 	0.00880283 	
5.6 	0.00775649 	
5.7 	0.00663053 	
5.8 	0.00543655 	
5.9 	0.00418685 	
6 	0.0028943 	
6.1 	0.00157221 	


-1 	2.1 	
0 	0.000213766 	
0.1 	-0.00100162 	
0.2 	-0.00220655 	
0.3 	-0.00338868 	
0.4 	-0.00453586 	
0.5 	-0.00563633 	
0.6 	-0.00667882 	
0.7 	-0.00765265 	
0.8 	-0.00854786 	
0.9 	-0.00935528 	
1 	-0.0100667 	
1.1 	-0.0106747 	
1.2 	-0.0111733 	
1.3 	-0.0115573 	
1.4 	-0.0118228 	
1.5 	-0.0119671 	
1.6 	-0.0119887 	
1.7 	-0.0118875 	
1.8 	-0.0116645 	
1.9 	-0.0113219 	
2 	-0.0108633 	
2.1 	-0.0102935 	
2.2 	-0.00961808 	
2.3 	-0.00884413 	
2.4 	-0.0079795 	
2.5 	-0.00703305 	
2.6 	-0.00601445 	
2.7 	-0.00493412 	
2.8 	-0.00380312 	
2.9 	-0.00263301 	
3 	-0.00143577 	
3.1 	-0.000223674 	
3.2 	0.000990872 	
3.3 	0.00219541 	
3.4 	0.0033776 	
3.5 	0.00452529 	
3.6 	0.00562671 	
3.7 	0.00667055 	
3.8 	0.00764605 	
3.9 	0.00854321 	
4 	0.00935277 	
4.1 	0.0100664 	
4.2 	0.0106767 	
4.3 	0.0111775 	
4.4 	0.0115635 	
4.5 	0.0118307 	
4.6 	0.0119764 	
4.7 	0.0119991 	
4.8 	0.0118985 	
4.9 	0.0116756 	
5 	0.0113328 	
5.1 	0.0108735 	
5.2 	0.0103025 	
5.3 	0.00962556 	
5.4 	0.00884978 	
5.5 	0.0079831 	
5.6 	0.00703445 	
5.7 	0.00601359 	
5.8 	0.00493104 	
5.9 	0.00379793 	
6 	0.00262594 	
6.1 	0.00142711 	


-1 	2.2 	
0 	0.000194856 	
0.1 	-0.000907336 	
0.2 	-0.0020001 	
0.3 	-0.00307222 	
0.4 	-0.00411269 	
0.5 	-0.00511084 	
0.6 	-0.00605645 	
0.7 	-0.00693982 	
0.8 	-0.0077519 	
0.9 	-0.00848439 	
1 	-0.0091298 	
1.1 	-0.00968151 	
1.2 	-0.0101339 	
1.3 	-0.0104824 	
1.4 	-0.0107233 	
1.5 	-0.0108543 	
1.6 	-0.010874 	
1.7 	-0.0107823 	
1.8 	-0.01058 	
1.9 	-0.0102693 	
2 	-0.00985336 	
2.1 	-0.00933639 	
2.2 	-0.00872372 	
2.3 	-0.00802161 	
2.4 	-0.00723725 	
2.5 	-0.00637866 	
2.6 	-0.00545464 	
2.7 	-0.00447463 	
2.8 	-0.00344868 	
2.9 	-0.00238728 	
3 	-0.00130131 	
3.1 	-0.000201885 	
3.2 	0.000899713 	
3.3 	0.0019922 	
3.4 	0.00306436 	
3.5 	0.00410519 	
3.6 	0.00510402 	
3.7 	0.00605058 	
3.8 	0.00693514 	
3.9 	0.0077486 	
4 	0.00848261 	
4.1 	0.00912961 	
4.2 	0.00968292 	
4.3 	0.0101369 	
4.4 	0.0104867 	
4.5 	0.0107289 	
4.6 	0.0108609 	
4.7 	0.0108814 	
4.8 	0.0107901 	
4.9 	0.010588 	
5 	0.010277 	
5.1 	0.00986056 	
5.2 	0.00934277 	
5.3 	0.00872902 	
5.4 	0.00802562 	
5.5 	0.0072398 	
5.6 	0.00637965 	
5.7 	0.00545403 	
5.8 	0.00447244 	
5.9 	0.003445 	
6 	0.00238226 	
6.1 	0.00129516 	


-1 	2.3 	
0 	0.000177418 	
0.1 	-0.000822141 	
0.2 	-0.00181318 	
0.3 	-0.00278553 	
0.4 	-0.00372921 	
0.5 	-0.00463454 	
0.6 	-0.00549223 	
0.7 	-0.00629351 	
0.8 	-0.00703016 	
0.9 	-0.00769463 	
1 	-0.00828013 	
1.1 	-0.00878065 	
1.2 	-0.0091911 	
1.3 	-0.00950726 	
1.4 	-0.00972591 	
1.5 	-0.00984482 	
1.6 	-0.00986279 	
1.7 	-0.00977962 	
1.8 	-0.0095962 	
1.9 	-0.00931438 	
2 	-0.00893707 	
2.1 	-0.00846814 	
2.2 	-0.00791238 	
2.3 	-0.00727548 	
2.4 	-0.00656397 	
2.5 	-0.00578514 	
2.6 	-0.00494695 	
2.7 	-0.00405799 	
2.8 	-0.00312737 	
2.9 	-0.00216462 	
3 	-0.0011796 	
3.1 	-0.000182406 	
3.2 	0.000816732 	
3.3 	0.00180757 	
3.4 	0.00277995 	
3.5 	0.00372389 	
3.6 	0.00462969 	
3.7 	0.00548807 	
3.8 	0.00629019 	
3.9 	0.00702782 	
4 	0.00769337 	
4.1 	0.00827999 	
4.2 	0.00878165 	
4.3 	0.00919319 	
4.4 	0.00951036 	
4.5 	0.00972989 	
4.6 	0.00984952 	
4.7 	0.00986801 	
4.8 	0.00978516 	
4.9 	0.00960182 	
5 	0.00931986 	
5.1 	0.00894218 	
5.2 	0.00847267 	
5.3 	0.00791614 	
5.4 	0.00727833 	
5.5 	0.00656578 	
5.6 	0.00578584 	
5.7 	0.00494651 	
5.8 	0.00405644 	
5.9 	0.00312476 	
6 	0.00216106 	
6.1 	0.00117523 	


-1 	2.4 	
0 	0.000161401 	
0.1 	-0.000745094 	
0.2 	-0.00164388 	
0.3 	-0.00252574 	
0.4 	-0.00338163 	
0.5 	-0.00420275 	
0.6 	-0.00498069 	
0.7 	-0.00570749 	
0.8 	-0.00637567 	
0.9 	-0.00697841 	
1 	-0.00750953 	
1.1 	-0.00796359 	
1.2 	-0.00833594 	
1.3 	-0.00862278 	
1.4 	-0.00882117 	
1.5 	-0.00892909 	
1.6 	-0.00894543 	
1.7 	-0.00887004 	
1.8 	-0.00870369 	
1.9 	-0.00844809 	
2 	-0.00810586 	
2.1 	-0.00768051 	
2.2 	-0.00717639 	
2.3 	-0.00659868 	
2.4 	-0.00595328 	
2.5 	-0.00524682 	
2.6 	-0.00448652 	
2.7 	-0.00368018 	
2.8 	-0.00283607 	
2.9 	-0.00196282 	
3 	-0.00106939 	
3.1 	-0.00016494 	
3.2 	0.000741256 	
3.3 	0.0016399 	
3.4 	0.00252179 	
3.5 	0.00337785 	
3.6 	0.00419931 	
3.7 	0.00497774 	
3.8 	0.00570513 	
3.9 	0.00637401 	
4 	0.00697752 	
4.1 	0.00750944 	
4.2 	0.0079643 	
4.3 	0.00833743 	
4.4 	0.00862498 	
4.5 	0.008824 	
4.6 	0.00893242 	
4.7 	0.00894914 	
4.8 	0.00887397 	
4.9 	0.00870768 	
5 	0.00845197 	
5.1 	0.00810948 	
5.2 	0.00768372 	
5.3 	0.00717906 	
5.4 	0.0066007 	
5.5 	0.00595457 	
5.6 	0.00524732 	
5.7 	0.00448621 	
5.8 	0.00367908 	
5.9 	0.00283421 	
6 	0.00196029 	
6.1 	0.00106629 	


-1 	2.5 	
0 	0.00014673 	
0.1 	-0.000675373 	
0.2 	-0.0014905 	
0.3 	-0.0022903 	
0.4 	-0.00306655 	
0.5 	-0.00381129 	
0.6 	-0.00451688 	
0.7 	-0.00517609 	
0.8 	-0.00578217 	
0.9 	-0.00632889 	
1 	-0.00681066 	
1.1 	-0.00722254 	
1.2 	-0.00756032 	
1.3 	-0.00782053 	
1.4 	-0.00800052 	
1.5 	-0.00809844 	
1.6 	-0.0081133 	
1.7 	-0.00804495 	
1.8 	-0.00789408 	
1.9 	-0.00766226 	
2 	-0.00735185 	
2.1 	-0.00696604 	
2.2 	-0.00650879 	
2.3 	-0.00598478 	
2.4 	-0.00539937 	
2.5 	-0.00475858 	
2.6 	-0.00406896 	
2.7 	-0.00333758 	
2.8 	-0.00257195 	
2.9 	-0.0017799 	
3 	-0.000969562 	
3.1 	-0.000149241 	
3.2 	0.00067265 	
3.3 	0.00148768 	
3.4 	0.00228749 	
3.5 	0.00306387 	
3.6 	0.00380885 	
3.7 	0.00451478 	
3.8 	0.00517442 	
3.9 	0.00578099 	
4 	0.00632825 	
4.1 	0.00681059 	
4.2 	0.00722304 	
4.3 	0.00756137 	
4.4 	0.00782209 	
4.5 	0.00800252 	
4.6 	0.00810081 	
4.7 	0.00811593 	
4.8 	0.00804773 	
4.9 	0.00789691 	
5 	0.00766502 	
5.1 	0.00735442 	
5.2 	0.00696832 	
5.3 	0.00651069 	
5.4 	0.00598621 	
5.5 	0.00540028 	
5.6 	0.00475893 	
5.7 	0.00406874 	
5.8 	0.0033368 	
5.9 	0.00257063 	
6 	0.00177811 	
6.1 	0.000967366 	


-1 	2.6 	
0 	0.000133323 	
0.1 	-0.000612251 	
0.2 	-0.00135151 	
0.3 	-0.00207688 	
0.4 	-0.0027809 	
0.5 	-0.00345635 	
0.6 	-0.00409631 	
0.7 	-0.00469422 	
0.8 	-0.00524394 	
0.9 	-0.00573983 	
1 	-0.00617682 	
1.1 	-0.00655043 	
1.2 	-0.00685683 	
1.3 	-0.00709288 	
1.4 	-0.00725616 	
1.5 	-0.007345 	
1.6 	-0.00735851 	
1.7 	-0.00729653 	
1.8 	-0.00715971 	
1.9 	-0.00694945 	
2 	-0.00666791 	
2.1 	-0.00631798 	
2.2 	-0.00590324 	
2.3 	-0.00542795 	
2.4 	-0.00489698 	
2.5 	-0.00431576 	
2.6 	-0.00369026 	
2.7 	-0.0030269 	
2.8 	-0.00233246 	
2.9 	-0.00161408 	
3 	-0.000879115 	
3.1 	-0.000135105 	
3.2 	0.000610319 	
3.3 	0.00134951 	
3.4 	0.00207488 	
3.5 	0.002779 	
3.6 	0.00345462 	
3.7 	0.00409483 	
3.8 	0.00469303 	
3.9 	0.0052431 	
4 	0.00573938 	
4.1 	0.00617678 	
4.2 	0.00655079 	
4.3 	0.00685758 	
4.4 	0.00709398 	
4.5 	0.00725758 	
4.6 	0.00734668 	
4.7 	0.00736037 	
4.8 	0.00729851 	
4.9 	0.00716172 	
5 	0.00695141 	
5.1 	0.00666974 	
5.2 	0.0063196 	
5.3 	0.00590459 	
5.4 	0.00542897 	
5.5 	0.00489762 	
5.6 	0.00431601 	
5.7 	0.00369011 	
5.8 	0.00302634 	
5.9 	0.00233153 	
6 	0.00161281 	
6.1 	0.000877556 	


-1 	2.7 	
0 	0.000121092 	
0.1 	-0.000555082 	
0.2 	-0.00122554 	
0.3 	-0.0018834 	
0.4 	-0.00252191 	
0.5 	-0.00313452 	
0.6 	-0.00371495 	
0.7 	-0.00425724 	
0.8 	-0.00475583 	
0.9 	-0.00520562 	
1 	-0.00560198 	
1.1 	-0.00594086 	
1.2 	-0.00621878 	
1.3 	-0.00643289 	
1.4 	-0.00658101 	
1.5 	-0.00666161 	
1.6 	-0.00667388 	
1.7 	-0.00661768 	
1.8 	-0.0064936 	
1.9 	-0.0063029 	
2 	-0.00604755 	
2.1 	-0.00573017 	
2.2 	-0.005354 	
2.3 	-0.0049229 	
2.4 	-0.00444131 	
2.5 	-0.00391414 	
2.6 	-0.00334682 	
2.7 	-0.00274515 	
2.8 	-0.0021153 	
2.9 	-0.00146374 	
3 	-0.000797147 	
3.1 	-0.000122356 	
3.2 	0.000553711 	
3.3 	0.00122412 	
3.4 	0.00188198 	
3.5 	0.00252056 	
3.6 	0.00313329 	
3.7 	0.00371389 	
3.8 	0.0042564 	
3.9 	0.00475524 	
4 	0.0052053 	
4.1 	0.00560195 	
4.2 	0.00594111 	
4.3 	0.00621931 	
4.4 	0.00643368 	
4.5 	0.00658202 	
4.6 	0.00666281 	
4.7 	0.0066752 	
4.8 	0.00661908 	
4.9 	0.00649502 	
5 	0.00630429 	
5.1 	0.00604885 	
5.2 	0.00573131 	
5.3 	0.00535495 	
5.4 	0.00492363 	
5.5 	0.00444177 	
5.6 	0.00391432 	
5.7 	0.00334671 	
5.8 	0.00274475 	
5.9 	0.00211464 	
6 	0.00146284 	
6.1 	0.000796042 	


-1 	2.8 	
0 	0.000109947 	
0.1 	-0.000503288 	
0.2 	-0.00111134 	
0.3 	-0.00170798 	
0.4 	-0.00228708 	
0.5 	-0.00284269 	
0.6 	-0.00336912 	
0.7 	-0.00386096 	
0.8 	-0.00431318 	
0.9 	-0.00472113 	
1 	-0.00508063 	
1.1 	-0.005388 	
1.2 	-0.00564009 	
1.3 	-0.0058343 	
1.4 	-0.00596866 	
1.5 	-0.00604178 	
1.6 	-0.00605291 	
1.7 	-0.00600195 	
1.8 	-0.00588942 	
1.9 	-0.00571647 	
2 	-0.00548487 	
2.1 	-0.00519701 	
2.2 	-0.00485583 	
2.3 	-0.00446483 	
2.4 	-0.00402803 	
2.5 	-0.0035499 	
2.6 	-0.00303534 	
2.7 	-0.00248964 	
2.8 	-0.00191838 	
2.9 	-0.00132743 	
3 	-0.000722853 	
3.1 	-0.000110844 	
3.2 	0.000502316 	
3.3 	0.00111034 	
3.4 	0.00170698 	
3.5 	0.00228612 	
3.6 	0.00284182 	
3.7 	0.00336837 	
3.8 	0.00386036 	
3.9 	0.00431276 	
4 	0.0047209 	
4.1 	0.00508061 	
4.2 	0.00538818 	
4.3 	0.00564046 	
4.4 	0.00583486 	
4.5 	0.00596937 	
4.6 	0.00604262 	
4.7 	0.00605385 	
4.8 	0.00600295 	
4.9 	0.00589043 	
5 	0.00571745 	
5.1 	0.00548579 	
5.2 	0.00519782 	
5.3 	0.0048565 	
5.4 	0.00446534 	
5.5 	0.00402835 	
5.6 	0.00355002 	
5.7 	0.00303526 	
5.8 	0.00248936 	
5.9 	0.00191791 	
6 	0.00132679 	
6.1 	0.000722068 	


-1 	2.9 	
0 	9.98036e-05 	
0.1 	-0.000456354 	
0.2 	-0.00100782 	
0.3 	-0.00154893 	
0.4 	-0.00207414 	
0.5 	-0.00257805 	
0.6 	-0.0030555 	
0.7 	-0.00350159 	
0.8 	-0.00391174 	
0.9 	-0.00428174 	
1 	-0.00460781 	
1.1 	-0.00488659 	
1.2 	-0.00511524 	
1.3 	-0.00529139 	
1.4 	-0.00541326 	
1.5 	-0.00547959 	
1.6 	-0.0054897 	
1.7 	-0.00544348 	
1.8 	-0.00534142 	
1.9 	-0.00518457 	
2 	-0.00497452 	
2.1 	-0.00471343 	
2.2 	-0.00440399 	
2.3 	-0.00404937 	
2.4 	-0.0036532 	
2.5 	-0.00321954 	
2.6 	-0.00275285 	
2.7 	-0.00225791 	
2.8 	-0.0017398 	
2.9 	-0.00120383 	
3 	-0.000655504 	
3.1 	-0.00010044 	
3.2 	0.000455664 	
3.3 	0.0010071 	
3.4 	0.00154822 	
3.5 	0.00207346 	
3.6 	0.00257743 	
3.7 	0.00305497 	
3.8 	0.00350116 	
3.9 	0.00391144 	
4 	0.00428158 	
4.1 	0.00460779 	
4.2 	0.00488672 	
4.3 	0.0051155 	
4.4 	0.00529179 	
4.5 	0.00541377 	
4.6 	0.00548019 	
4.7 	0.00549036 	
4.8 	0.00544419 	
4.9 	0.00534214 	
5 	0.00518526 	
5.1 	0.00497517 	
5.2 	0.00471401 	
5.3 	0.00440447 	
5.4 	0.00404973 	
5.5 	0.00365343 	
5.6 	0.00321963 	
5.7 	0.0027528 	
5.8 	0.00225771 	
5.9 	0.00173947 	
6 	0.00120338 	
6.1 	0.000654947 	


-1 	3 	
0 	9.05783e-05 	
0.1 	-0.000413816 	
0.2 	-0.000913956 	
0.3 	-0.00140471 	
0.4 	-0.00188104 	
0.5 	-0.00233807 	
0.6 	-0.00277109 	
0.7 	-0.00317567 	
0.8 	-0.00354767 	
0.9 	-0.00388325 	
1 	-0.00417899 	
1.1 	-0.00443184 	
1.2 	-0.00463922 	
1.3 	-0.00479899 	
1.4 	-0.00490953 	
1.5 	-0.0049697 	
1.6 	-0.00497887 	
1.7 	-0.00493696 	
1.8 	-0.0048444 	
1.9 	-0.00470214 	
2 	-0.00451163 	
2.1 	-0.00427484 	
2.2 	-0.00399419 	
2.3 	-0.00367255 	
2.4 	-0.00331324 	
2.5 	-0.00291993 	
2.6 	-0.00249665 	
2.7 	-0.00204776 	
2.8 	-0.00157786 	
2.9 	-0.00109175 	
3 	-0.000594445 	
3.1 	-9.10299e-05 	
3.2 	0.000413326 	
3.3 	0.000913449 	
3.4 	0.00140421 	
3.5 	0.00188056 	
3.6 	0.00233763 	
3.7 	0.00277071 	
3.8 	0.00317537 	
3.9 	0.00354745 	
4 	0.00388314 	
4.1 	0.00417897 	
4.2 	0.00443193 	
4.3 	0.00463941 	
4.4 	0.00479928 	
4.5 	0.00490989 	
4.6 	0.00497012 	
4.7 	0.00497934 	
4.8 	0.00493746 	
4.9 	0.00484491 	
5 	0.00470263 	
5.1 	0.0045121 	
5.2 	0.00427525 	
5.3 	0.00399453 	
5.4 	0.00367281 	
5.5 	0.0033134 	
5.6 	0.00291999 	
5.7 	0.00249662 	
5.8 	0.00204762 	
5.9 	0.00157762 	
6 	0.00109143 	
6.1 	0.00059405 	


-1 	3.1 	
0 	8.21934e-05 	
0.1 	-0.000375256 	
0.2 	-0.00082885 	
0.3 	-0.00127393 	
0.4 	-0.00170594 	
0.5 	-0.00212043 	
0.6 	-0.00251316 	
0.7 	-0.0028801 	
0.8 	-0.00321748 	
0.9 	-0.00352185 	
1 	-0.00379007 	
1.1 	-0.0040194 	
1.2 	-0.00420749 	
1.3 	-0.00435241 	
1.4 	-0.00445267 	
1.5 	-0.00450724 	
1.6 	-0.00451556 	
1.7 	-0.00447756 	
1.8 	-0.00439361 	
1.9 	-0.00426459 	
2 	-0.00409181 	
2.1 	-0.00387705 	
2.2 	-0.00362251 	
2.3 	-0.0033308 	
2.4 	-0.00300491 	
2.5 	-0.00264819 	
2.6 	-0.0022643 	
2.7 	-0.00185718 	
2.8 	-0.00143099 	
2.9 	-0.00099012 	
3 	-0.000539085 	
3.1 	-8.25137e-05 	
3.2 	0.000374909 	
3.3 	0.00082849 	
3.4 	0.00127357 	
3.5 	0.0017056 	
3.6 	0.00212012 	
3.7 	0.0025129 	
3.8 	0.00287989 	
3.9 	0.00321733 	
4 	0.00352177 	
4.1 	0.00379006 	
4.2 	0.00401947 	
4.3 	0.00420763 	
4.4 	0.00435261 	
4.5 	0.00445292 	
4.6 	0.00450754 	
4.7 	0.0045159 	
4.8 	0.00447791 	
4.9 	0.00439397 	
5 	0.00426494 	
5.1 	0.00409214 	
5.2 	0.00387734 	
5.3 	0.00362275 	
5.4 	0.00333098 	
5.5 	0.00300503 	
5.6 	0.00264824 	
5.7 	0.00226427 	
5.8 	0.00185708 	
5.9 	0.00143082 	
6 	0.000989891 	
6.1 	0.000538804 	


-1 	3.2 	
0 	7.45757e-05 	
0.1 	-0.000340299 	
0.2 	-0.000751678 	
0.3 	-0.00115534 	
0.4 	-0.00154714 	
0.5 	-0.00192307 	
0.6 	-0.00227925 	
0.7 	-0.00261205 	
0.8 	-0.00291804 	
0.9 	-0.00319408 	
1 	-0.00343735 	
1.1 	-0.00364535 	
1.2 	-0.00381594 	
1.3 	-0.00394738 	
1.4 	-0.00403831 	
1.5 	-0.00408781 	
1.6 	-0.00409536 	
1.7 	-0.00406089 	
1.8 	-0.00398476 	
1.9 	-0.00386774 	
2 	-0.00371104 	
2.1 	-0.00351626 	
2.2 	-0.0032854 	
2.3 	-0.00302084 	
2.4 	-0.00272527 	
2.5 	-0.00240175 	
2.6 	-0.00205357 	
2.7 	-0.00168433 	
2.8 	-0.0012978 	
2.9 	-0.000897953 	
3 	-0.000488888 	
3.1 	-7.4803e-05 	
3.2 	0.000340053 	
3.3 	0.000751423 	
3.4 	0.00115509 	
3.5 	0.0015469 	
3.6 	0.00192285 	
3.7 	0.00227906 	
3.8 	0.0026119 	
3.9 	0.00291793 	
4 	0.00319403 	
4.1 	0.00343735 	
4.2 	0.00364539 	
4.3 	0.00381604 	
4.4 	0.00394752 	
4.5 	0.00403849 	
4.6 	0.00408802 	
4.7 	0.0040956 	
4.8 	0.00406115 	
4.9 	0.00398502 	
5 	0.00386799 	
5.1 	0.00371127 	
5.2 	0.00351647 	
5.3 	0.00328558 	
5.4 	0.00302097 	
5.5 	0.00272536 	
5.6 	0.00240178 	
5.7 	0.00205355 	
5.8 	0.00168426 	
5.9 	0.00129768 	
6 	0.00089779 	
6.1 	0.000488689 	


-1 	3.3 	
0 	6.76579e-05 	
0.1 	-0.000308605 	
0.2 	-0.000681699 	
0.3 	-0.00104779 	
0.4 	-0.00140314 	
0.5 	-0.00174408 	
0.6 	-0.00206712 	
0.7 	-0.00236895 	
0.8 	-0.00264646 	
0.9 	-0.00289682 	
1 	-0.00311746 	
1.1 	-0.0033061 	
1.2 	-0.00346082 	
1.3 	-0.00358003 	
1.4 	-0.00366251 	
1.5 	-0.0037074 	
1.6 	-0.00371425 	
1.7 	-0.003683 	
1.8 	-0.00361395 	
1.9 	-0.00350782 	
2 	-0.0033657 	
2.1 	-0.00318905 	
2.2 	-0.00297967 	
2.3 	-0.00273972 	
2.4 	-0.00247166 	
2.5 	-0.00217823 	
2.6 	-0.00186246 	
2.7 	-0.00152757 	
2.8 	-0.00117701 	
2.9 	-0.00081437 	
3 	-0.00044337 	
3.1 	-6.78191e-05 	
3.2 	0.00030843 	
3.3 	0.000681518 	
3.4 	0.00104761 	
3.5 	0.00140296 	
3.6 	0.00174392 	
3.7 	0.00206698 	
3.8 	0.00236884 	
3.9 	0.00264639 	
4 	0.00289678 	
4.1 	0.00311745 	
4.2 	0.00330614 	
4.3 	0.00346089 	
4.4 	0.00358013 	
4.5 	0.00366264 	
4.6 	0.00370755 	
4.7 	0.00371442 	
4.8 	0.00368318 	
4.9 	0.00361413 	
5 	0.003508 	
5.1 	0.00336587 	
5.2 	0.00318919 	
5.3 	0.00297979 	
5.4 	0.00273981 	
5.5 	0.00247172 	
5.6 	0.00217826 	
5.7 	0.00186245 	
5.8 	0.00152752 	
5.9 	0.00117693 	
6 	0.000814255 	
6.1 	0.000443229 	


-1 	3.4 	
0 	6.13773e-05 	
0.1 	-0.000279868 	
0.2 	-0.000618239 	
0.3 	-0.000950265 	
0.4 	-0.00127254 	
0.5 	-0.00158175 	
0.6 	-0.00187473 	
0.7 	-0.00214847 	
0.8 	-0.00240017 	
0.9 	-0.00262723 	
1 	-0.00282734 	
1.1 	-0.00299843 	
1.2 	-0.00313875 	
1.3 	-0.00324687 	
1.4 	-0.00332167 	
1.5 	-0.00336239 	
1.6 	-0.00336861 	
1.7 	-0.00334026 	
1.8 	-0.00327764 	
1.9 	-0.00318139 	
2 	-0.00305249 	
2.1 	-0.00289227 	
2.2 	-0.00270238 	
2.3 	-0.00248476 	
2.4 	-0.00224164 	
2.5 	-0.00197552 	
2.6 	-0.00168913 	
2.7 	-0.00138541 	
2.8 	-0.00106747 	
2.9 	-0.00073857 	
3 	-0.000402095 	
3.1 	-6.14917e-05 	
3.2 	0.000279744 	
3.3 	0.000618111 	
3.4 	0.000950137 	
3.5 	0.00127242 	
3.6 	0.00158164 	
3.7 	0.00187463 	
3.8 	0.0021484 	
3.9 	0.00240011 	
4 	0.0026272 	
4.1 	0.00282733 	
4.2 	0.00299845 	
4.3 	0.0031388 	
4.4 	0.00324694 	
4.5 	0.00332176 	
4.6 	0.0033625 	
4.7 	0.00336873 	
4.8 	0.00334039 	
4.9 	0.00327777 	
5 	0.00318151 	
5.1 	0.00305261 	
5.2 	0.00289238 	
5.3 	0.00270247 	
5.4 	0.00248482 	
5.5 	0.00224168 	
5.6 	0.00197554 	
5.7 	0.00168912 	
5.8 	0.00138537 	
5.9 	0.00106741 	
6 	0.000738488 	
6.1 	0.000401994 	


-1 	3.5 	
0 	5.56766e-05 	
0.1 	-0.00025381 	
0.2 	-0.000560691 	
0.3 	-0.000861817 	
0.4 	-0.0011541 	
0.5 	-0.00143454 	
0.6 	-0.00170025 	
0.7 	-0.00194852 	
0.8 	-0.00217679 	
0.9 	-0.00238273 	
1 	-0.00256421 	
1.1 	-0.00271938 	
1.2 	-0.00284665 	
1.3 	-0.00294471 	
1.4 	-0.00301255 	
1.5 	-0.00304948 	
1.6 	-0.00305512 	
1.7 	-0.00302941 	
1.8 	-0.00297262 	
1.9 	-0.00288533 	
2 	-0.00276843 	
2.1 	-0.00262312 	
2.2 	-0.0024509 	
2.3 	-0.00225352 	
2.4 	-0.00203303 	
2.5 	-0.00179167 	
2.6 	-0.00153193 	
2.7 	-0.00125647 	
2.8 	-0.000968117 	
2.9 	-0.000669828 	
3 	-0.000364664 	
3.1 	-5.57578e-05 	
3.2 	0.000253722 	
3.3 	0.0005606 	
3.4 	0.000861726 	
3.5 	0.00115401 	
3.6 	0.00143446 	
3.7 	0.00170018 	
3.8 	0.00194847 	
3.9 	0.00217675 	
4 	0.00238271 	
4.1 	0.00256421 	
4.2 	0.0027194 	
4.3 	0.00284669 	
4.4 	0.00294476 	
4.5 	0.00301262 	
4.6 	0.00304956 	
4.7 	0.00305521 	
4.8 	0.00302951 	
4.9 	0.00297271 	
5 	0.00288542 	
5.1 	0.00276851 	
5.2 	0.00262319 	
5.3 	0.00245096 	
5.4 	0.00225357 	
5.5 	0.00203306 	
5.6 	0.00179168 	
5.7 	0.00153192 	
5.8 	0.00125645 	
5.9 	0.000968074 	
6 	0.00066977 	
6.1 	0.000364593 	


-1 	3.6 	
0 	5.05031e-05 	
0.1 	-0.000230181 	
0.2 	-0.000508502 	
0.3 	-0.000781604 	
0.4 	-0.00104668 	
0.5 	-0.00130102 	
0.6 	-0.00154201 	
0.7 	-0.00176718 	
0.8 	-0.00197421 	
0.9 	-0.00216098 	
1 	-0.00232558 	
1.1 	-0.00246631 	
1.2 	-0.00258174 	
1.3 	-0.00267067 	
1.4 	-0.0027322 	
1.5 	-0.00276569 	
1.6 	-0.00277081 	
1.7 	-0.00274749 	
1.8 	-0.00269599 	
1.9 	-0.00261682 	
2 	-0.00251079 	
2.1 	-0.00237901 	
2.2 	-0.00222281 	
2.3 	-0.00204381 	
2.4 	-0.00184383 	
2.5 	-0.00162493 	
2.6 	-0.00138936 	
2.7 	-0.00113954 	
2.8 	-0.000878016 	
2.9 	-0.000607485 	
3 	-0.00033072 	
3.1 	-5.05607e-05 	
3.2 	0.000230118 	
3.3 	0.000508437 	
3.4 	0.00078154 	
3.5 	0.00104662 	
3.6 	0.00130097 	
3.7 	0.00154196 	
3.8 	0.00176714 	
3.9 	0.00197418 	
4 	0.00216096 	
4.1 	0.00232557 	
4.2 	0.00246632 	
4.3 	0.00258176 	
4.4 	0.00267071 	
4.5 	0.00273225 	
4.6 	0.00276575 	
4.7 	0.00277087 	
4.8 	0.00274756 	
4.9 	0.00269605 	
5 	0.00261688 	
5.1 	0.00251085 	
5.2 	0.00237906 	
5.3 	0.00222286 	
5.4 	0.00204384 	
5.5 	0.00184385 	
5.6 	0.00162494 	
5.7 	0.00138936 	
5.8 	0.00113952 	
5.9 	0.000877986 	
6 	0.000607444 	
6.1 	0.00033067 	


-1 	3.7 	
0 	4.58088e-05 	
0.1 	-0.000208753 	
0.2 	-0.000461172 	
0.3 	-0.000708859 	
0.4 	-0.00094927 	
0.5 	-0.00117994 	
0.6 	-0.0013985 	
0.7 	-0.00160271 	
0.8 	-0.00179048 	
0.9 	-0.00195987 	
1 	-0.00210915 	
1.1 	-0.00223679 	
1.2 	-0.00234147 	
1.3 	-0.00242213 	
1.4 	-0.00247794 	
1.5 	-0.00250831 	
1.6 	-0.00251295 	
1.7 	-0.00249181 	
1.8 	-0.00244509 	
1.9 	-0.00237329 	
2 	-0.00227714 	
2.1 	-0.00215761 	
2.2 	-0.00201595 	
2.3 	-0.00185361 	
2.4 	-0.00167224 	
2.5 	-0.00147371 	
2.6 	-0.00126006 	
2.7 	-0.00103348 	
2.8 	-0.000796301 	
2.9 	-0.000550946 	
3 	-0.000299937 	
3.1 	-4.58497e-05 	
3.2 	0.000208709 	
3.3 	0.000461126 	
3.4 	0.000708813 	
3.5 	0.000949227 	
3.6 	0.0011799 	
3.7 	0.00139847 	
3.8 	0.00160269 	
3.9 	0.00179046 	
4 	0.00195986 	
4.1 	0.00210915 	
4.2 	0.00223679 	
4.3 	0.00234149 	
4.4 	0.00242216 	
4.5 	0.00247797 	
4.6 	0.00250835 	
4.7 	0.002513 	
4.8 	0.00249185 	
4.9 	0.00244514 	
5 	0.00237334 	
5.1 	0.00227718 	
5.2 	0.00215765 	
5.3 	0.00201598 	
5.4 	0.00185363 	
5.5 	0.00167225 	
5.6 	0.00147372 	
5.7 	0.00126006 	
5.8 	0.00103347 	
5.9 	0.00079628 	
6 	0.000550917 	
6.1 	0.000299901 	


-1 	3.8 	
0 	4.15497e-05 	
0.1 	-0.000189321 	
0.2 	-0.000418249 	
0.3 	-0.000642885 	
0.4 	-0.000860923 	
0.5 	-0.00107013 	
0.6 	-0.00126835 	
0.7 	-0.00145356 	
0.8 	-0.00162385 	
0.9 	-0.00177747 	
1 	-0.00191286 	
1.1 	-0.00202862 	
1.2 	-0.00212357 	
1.3 	-0.00219672 	
1.4 	-0.00224733 	
1.5 	-0.00227488 	
1.6 	-0.00227909 	
1.7 	-0.00225992 	
1.8 	-0.00221755 	
1.9 	-0.00215243 	
2 	-0.00206522 	
2.1 	-0.00195682 	
2.2 	-0.00182834 	
2.3 	-0.0016811 	
2.4 	-0.00151661 	
2.5 	-0.00133656 	
2.6 	-0.0011428 	
2.7 	-0.000937304 	
2.8 	-0.000722192 	
2.9 	-0.00049967 	
3 	-0.00027202 	
3.1 	-4.15787e-05 	
3.2 	0.00018929 	
3.3 	0.000418217 	
3.4 	0.000642852 	
3.5 	0.000860892 	
3.6 	0.0010701 	
3.7 	0.00126832 	
3.8 	0.00145354 	
3.9 	0.00162383 	
4 	0.00177747 	
4.1 	0.00191286 	
4.2 	0.00202863 	
4.3 	0.00212358 	
4.4 	0.00219674 	
4.5 	0.00224736 	
4.6 	0.00227491 	
4.7 	0.00227912 	
4.8 	0.00225995 	
4.9 	0.00221758 	
5 	0.00215246 	
5.1 	0.00206525 	
5.2 	0.00195685 	
5.3 	0.00182837 	
5.4 	0.00168112 	
5.5 	0.00151663 	
5.6 	0.00133657 	
5.7 	0.00114279 	
5.8 	0.000937295 	
5.9 	0.000722177 	
6 	0.000499649 	
6.1 	0.000271995 	


-1 	3.9 	
0 	3.76858e-05 	
0.1 	-0.000171699 	
0.2 	-0.000379322 	
0.3 	-0.000583052 	
0.4 	-0.000780799 	
0.5 	-0.000970534 	
0.6 	-0.00115031 	
0.7 	-0.00131828 	
0.8 	-0.00147272 	
0.9 	-0.00161206 	
1 	-0.00173484 	
1.1 	-0.00183983 	
1.2 	-0.00192594 	
1.3 	-0.00199229 	
1.4 	-0.00203819 	
1.5 	-0.00206318 	
1.6 	-0.00206699 	
1.7 	-0.0020496 	
1.8 	-0.00201118 	
1.9 	-0.00195212 	
2 	-0.00187303 	
2.1 	-0.00177471 	
2.2 	-0.00165819 	
2.3 	-0.00152466 	
2.4 	-0.00137547 	
2.5 	-0.00121218 	
2.6 	-0.00103644 	
2.7 	-0.000850074 	
2.8 	-0.000654981 	
2.9 	-0.000453167 	
3 	-0.000246702 	
3.1 	-3.77063e-05 	
3.2 	0.000171677 	
3.3 	0.000379299 	
3.4 	0.000583029 	
3.5 	0.000780777 	
3.6 	0.000970514 	
3.7 	0.00115029 	
3.8 	0.00131827 	
3.9 	0.00147271 	
4 	0.00161205 	
4.1 	0.00173484 	
4.2 	0.00183984 	
4.3 	0.00192595 	
4.4 	0.0019923 	
4.5 	0.00203821 	
4.6 	0.0020632 	
4.7 	0.00206702 	
4.8 	0.00204962 	
4.9 	0.0020112 	
5 	0.00195214 	
5.1 	0.00187305 	
5.2 	0.00177473 	
5.3 	0.00165821 	
5.4 	0.00152467 	
5.5 	0.00137548 	
5.6 	0.00121218 	
5.7 	0.00103644 	
5.8 	0.000850067 	
5.9 	0.00065497 	
6 	0.000453152 	
6.1 	0.000246684 	


-1 	4 	
0 	3.41806e-05 	
0.1 	-0.000155718 	
0.2 	-0.000344019 	
0.3 	-0.000528789 	
0.4 	-0.000708133 	
0.5 	-0.00088021 	
0.6 	-0.00104325 	
0.7 	-0.00119559 	
0.8 	-0.00133567 	
0.9 	-0.00146203 	
1 	-0.00157339 	
1.1 	-0.00166861 	
1.2 	-0.00174671 	
1.3 	-0.00180688 	
1.4 	-0.00184851 	
1.5 	-0.00187117 	
1.6 	-0.00187463 	
1.7 	-0.00185886 	
1.8 	-0.00182401 	
1.9 	-0.00177045 	
2 	-0.00169872 	
2.1 	-0.00160955 	
2.2 	-0.00150388 	
2.3 	-0.00138277 	
2.4 	-0.00124747 	
2.5 	-0.00109937 	
2.6 	-0.000939988 	
2.7 	-0.000770962 	
2.8 	-0.000594025 	
2.9 	-0.000410992 	
3 	-0.000223742 	
3.1 	-3.41952e-05 	
3.2 	0.000155702 	
3.3 	0.000344002 	
3.4 	0.000528773 	
3.5 	0.000708117 	
3.6 	0.000880196 	
3.7 	0.00104324 	
3.8 	0.00119558 	
3.9 	0.00133566 	
4 	0.00146203 	
4.1 	0.00157339 	
4.2 	0.00166861 	
4.3 	0.00174671 	
4.4 	0.00180689 	
4.5 	0.00184852 	
4.6 	0.00187119 	
4.7 	0.00187465 	
4.8 	0.00185888 	
4.9 	0.00182403 	
5 	0.00177046 	
5.1 	0.00169873 	
5.2 	0.00160957 	
5.3 	0.00150389 	
5.4 	0.00138277 	
5.5 	0.00124747 	
5.6 	0.00109937 	
5.7 	0.000939986 	
5.8 	0.000770957 	
5.9 	0.000594017 	
6 	0.000410981 	
6.1 	0.000223729 	


-1 	4.1 	
0 	3.10011e-05 	
0.1 	-0.000141225 	
0.2 	-0.000312001 	
0.3 	-0.000479576 	
0.4 	-0.00064223 	
0.5 	-0.000798293 	
0.6 	-0.000946164 	
0.7 	-0.00108433 	
0.8 	-0.00121136 	
0.9 	-0.00132597 	
1 	-0.00142697 	
1.1 	-0.00151332 	
1.2 	-0.00158415 	
1.3 	-0.00163872 	
1.4 	-0.00167648 	
1.5 	-0.00169703 	
1.6 	-0.00170017 	
1.7 	-0.00168587 	
1.8 	-0.00165426 	
1.9 	-0.00160568 	
2 	-0.00154063 	
2.1 	-0.00145976 	
2.2 	-0.00136392 	
2.3 	-0.00125408 	
2.4 	-0.00113137 	
2.5 	-0.000997057 	
2.6 	-0.000852509 	
2.7 	-0.000699213 	
2.8 	-0.000538742 	
2.9 	-0.000372742 	
3 	-0.000202918 	
3.1 	-3.10114e-05 	
3.2 	0.000141214 	
3.3 	0.00031199 	
3.4 	0.000479565 	
3.5 	0.000642219 	
3.6 	0.000798283 	
3.7 	0.000946156 	
3.8 	0.00108432 	
3.9 	0.00121136 	
4 	0.00132597 	
4.1 	0.00142697 	
4.2 	0.00151333 	
4.3 	0.00158416 	
4.4 	0.00163873 	
4.5 	0.00167649 	
4.6 	0.00169704 	
4.7 	0.00170019 	
4.8 	0.00168588 	
4.9 	0.00165428 	
5 	0.0016057 	
5.1 	0.00154064 	
5.2 	0.00145977 	
5.3 	0.00136393 	
5.4 	0.00125409 	
5.5 	0.00113138 	
5.6 	0.000997058 	
5.7 	0.000852508 	
5.8 	0.000699209 	
5.9 	0.000538736 	
6 	0.000372735 	
6.1 	0.000202909 	


-1 	4.2 	
0 	2.8117e-05 	
0.1 	-0.000128081 	
0.2 	-0.000282964 	
0.3 	-0.000434944 	
0.4 	-0.00058246 	
0.5 	-0.000724 	
0.6 	-0.00085811 	
0.7 	-0.000983414 	
0.8 	-0.00109863 	
0.9 	-0.00120257 	
1 	-0.00129417 	
1.1 	-0.00137249 	
1.2 	-0.00143672 	
1.3 	-0.00148622 	
1.4 	-0.00152046 	
1.5 	-0.0015391 	
1.6 	-0.00154195 	
1.7 	-0.00152898 	
1.8 	-0.00150031 	
1.9 	-0.00145625 	
2 	-0.00139725 	
2.1 	-0.00132391 	
2.2 	-0.00123699 	
2.3 	-0.00113737 	
2.4 	-0.00102608 	
2.5 	-0.000904267 	
2.6 	-0.000773171 	
2.7 	-0.000634141 	
2.8 	-0.000488604 	
2.9 	-0.000338053 	
3 	-0.000184033 	
3.1 	-2.81244e-05 	
3.2 	0.000128073 	
3.3 	0.000282956 	
3.4 	0.000434936 	
3.5 	0.000582452 	
3.6 	0.000723992 	
3.7 	0.000858104 	
3.8 	0.000983409 	
3.9 	0.00109862 	
4 	0.00120257 	
4.1 	0.00129417 	
4.2 	0.00137249 	
4.3 	0.00143673 	
4.4 	0.00148622 	
4.5 	0.00152047 	
4.6 	0.00153911 	
4.7 	0.00154196 	
4.8 	0.00152898 	
4.9 	0.00150032 	
5 	0.00145626 	
5.1 	0.00139726 	
5.2 	0.00132392 	
5.3 	0.001237 	
5.4 	0.00113738 	
5.5 	0.00102609 	
5.6 	0.000904268 	
5.7 	0.00077317 	
5.8 	0.000634138 	
5.9 	0.0004886 	
6 	0.000338047 	
6.1 	0.000184026 	


-1 	4.3 	
0 	2.55011e-05 	
0.1 	-0.00011616 	
0.2 	-0.00025663 	
0.3 	-0.000394465 	
0.4 	-0.000528253 	
0.5 	-0.000656621 	
0.6 	-0.00077825 	
0.7 	-0.000891893 	
0.8 	-0.000996385 	
0.9 	-0.00109065 	
1 	-0.00117373 	
1.1 	-0.00124476 	
1.2 	-0.00130302 	
1.3 	-0.00134791 	
1.4 	-0.00137896 	
1.5 	-0.00139587 	
1.6 	-0.00139845 	
1.7 	-0.00138668 	
1.8 	-0.00136069 	
1.9 	-0.00132073 	
2 	-0.00126722 	
2.1 	-0.00120071 	
2.2 	-0.00112187 	
2.3 	-0.00103152 	
2.4 	-0.000930593 	
2.5 	-0.000820112 	
2.6 	-0.000701216 	
2.7 	-0.000575125 	
2.8 	-0.000443132 	
2.9 	-0.000306592 	
3 	-0.000166905 	
3.1 	-2.55063e-05 	
3.2 	0.000116155 	
3.3 	0.000256624 	
3.4 	0.00039446 	
3.5 	0.000528248 	
3.6 	0.000656616 	
3.7 	0.000778246 	
3.8 	0.00089189 	
3.9 	0.000996382 	
4 	0.00109065 	
4.1 	0.00117373 	
4.2 	0.00124476 	
4.3 	0.00130302 	
4.4 	0.00134791 	
4.5 	0.00137897 	
4.6 	0.00139587 	
4.7 	0.00139846 	
4.8 	0.00138669 	
4.9 	0.00136069 	
5 	0.00132074 	
5.1 	0.00126723 	
5.2 	0.00120071 	
5.3 	0.00112188 	
5.4 	0.00103153 	
5.5 	0.000930595 	
5.6 	0.000820113 	
5.7 	0.000701216 	
5.8 	0.000575123 	
5.9 	0.000443129 	
6 	0.000306588 	
6.1 	0.000166901 	


-1 	4.4 	
0 	2.31283e-05 	
0.1 	-0.000105349 	
0.2 	-0.000232746 	
0.3 	-0.000357754 	
0.4 	-0.000479091 	
0.5 	-0.000595512 	
0.6 	-0.000705823 	
0.7 	-0.00080889 	
0.8 	-0.000903657 	
0.9 	-0.000989151 	
1 	-0.0010645 	
1.1 	-0.00112892 	
1.2 	-0.00118175 	
1.3 	-0.00122246 	
1.4 	-0.00125063 	
1.5 	-0.00126596 	
1.6 	-0.00126831 	
1.7 	-0.00125764 	
1.8 	-0.00123406 	
1.9 	-0.00119782 	
2 	-0.00114929 	
2.1 	-0.00108896 	
2.2 	-0.00101747 	
2.3 	-0.000935527 	
2.4 	-0.000843989 	
2.5 	-0.00074379 	
2.6 	-0.000635958 	
2.7 	-0.000521601 	
2.8 	-0.000401892 	
2.9 	-0.000278059 	
3 	-0.000151372 	
3.1 	-2.3132e-05 	
3.2 	0.000105345 	
3.3 	0.000232742 	
3.4 	0.00035775 	
3.5 	0.000479088 	
3.6 	0.000595509 	
3.7 	0.00070582 	
3.8 	0.000808888 	
3.9 	0.000903655 	
4 	0.00098915 	
4.1 	0.0010645 	
4.2 	0.00112892 	
4.3 	0.00118176 	
4.4 	0.00122247 	
4.5 	0.00125063 	
4.6 	0.00126597 	
4.7 	0.00126831 	
4.8 	0.00125764 	
4.9 	0.00123406 	
5 	0.00119782 	
5.1 	0.00114929 	
5.2 	0.00108897 	
5.3 	0.00101747 	
5.4 	0.000935529 	
5.5 	0.00084399 	
5.6 	0.00074379 	
5.7 	0.000635958 	
5.8 	0.0005216 	
5.9 	0.00040189 	
6 	0.000278056 	
6.1 	0.000151369 	


-1 	4.5 	
0 	2.09763e-05 	
0.1 	-9.55448e-05 	
0.2 	-0.000211085 	
0.3 	-0.00032446 	
0.4 	-0.000434505 	
0.5 	-0.000540091 	
0.6 	-0.000640136 	
0.7 	-0.000733611 	
0.8 	-0.000819559 	
0.9 	-0.000897097 	
1 	-0.00096543 	
1.1 	-0.00102386 	
1.2 	-0.00107178 	
1.3 	-0.0011087 	
1.4 	-0.00113424 	
1.5 	-0.00114815 	
1.6 	-0.00115027 	
1.7 	-0.0011406 	
1.8 	-0.00111921 	
1.9 	-0.00108635 	
2 	-0.00104233 	
2.1 	-0.000987621 	
2.2 	-0.000922777 	
2.3 	-0.000848463 	
2.4 	-0.000765444 	
2.5 	-0.00067457 	
2.6 	-0.000576774 	
2.7 	-0.000473059 	
2.8 	-0.00036449 	
2.9 	-0.000252181 	
3 	-0.000137284 	
3.1 	-2.09789e-05 	
3.2 	9.55419e-05 	
3.3 	0.000211082 	
3.4 	0.000324457 	
3.5 	0.000434502 	
3.6 	0.000540089 	
3.7 	0.000640133 	
3.8 	0.00073361 	
3.9 	0.000819558 	
4 	0.000897096 	
4.1 	0.000965429 	
4.2 	0.00102386 	
4.3 	0.00107178 	
4.4 	0.0011087 	
4.5 	0.00113424 	
4.6 	0.00114815 	
4.7 	0.00115028 	
4.8 	0.0011406 	
4.9 	0.00111922 	
5 	0.00108635 	
5.1 	0.00104233 	
5.2 	0.000987623 	
5.3 	0.000922779 	
5.4 	0.000848465 	
5.5 	0.000765445 	
5.6 	0.00067457 	
5.7 	0.000576773 	
5.8 	0.000473058 	
5.9 	0.000364489 	
6 	0.000252179 	
6.1 	0.000137282 	


-1 	4.6 	
0 	1.90244e-05 	
0.1 	-8.66527e-05 	
0.2 	-0.000191441 	
0.3 	-0.000294264 	
0.4 	-0.000394068 	
0.5 	-0.000489828 	
0.6 	-0.000580562 	
0.7 	-0.000665338 	
0.8 	-0.000743288 	
0.9 	-0.00081361 	
1 	-0.000875583 	
1.1 	-0.000928571 	
1.2 	-0.000972032 	
1.3 	-0.00100552 	
1.4 	-0.00102869 	
1.5 	-0.0010413 	
1.6 	-0.00104322 	
1.7 	-0.00103445 	
1.8 	-0.00101505 	
1.9 	-0.000985246 	
2 	-0.000945328 	
2.1 	-0.000895709 	
2.2 	-0.0008369 	
2.3 	-0.000769502 	
2.4 	-0.000694209 	
2.5 	-0.000611792 	
2.6 	-0.000523097 	
2.7 	-0.000429034 	
2.8 	-0.000330569 	
2.9 	-0.000228712 	
3 	-0.000124508 	
3.1 	-1.90263e-05 	
3.2 	8.66507e-05 	
3.3 	0.000191439 	
3.4 	0.000294262 	
3.5 	0.000394066 	
3.6 	0.000489826 	
3.7 	0.00058056 	
3.8 	0.000665337 	
3.9 	0.000743287 	
4 	0.000813609 	
4.1 	0.000875583 	
4.2 	0.000928572 	
4.3 	0.000972032 	
4.4 	0.00100552 	
4.5 	0.00102869 	
4.6 	0.0010413 	
4.7 	0.00104323 	
4.8 	0.00103445 	
4.9 	0.00101506 	
5 	0.000985248 	
5.1 	0.00094533 	
5.2 	0.000895711 	
5.3 	0.000836901 	
5.4 	0.000769503 	
5.5 	0.000694209 	
5.6 	0.000611792 	
5.7 	0.000523097 	
5.8 	0.000429034 	
5.9 	0.000330568 	
6 	0.000228711 	
6.1 	0.000124506 	


-1 	4.7 	
0 	1.72541e-05 	
0.1 	-7.85883e-05 	
0.2 	-0.000173624 	
0.3 	-0.000266878 	
0.4 	-0.000357394 	
0.5 	-0.000444243 	
0.6 	-0.000526532 	
0.7 	-0.000603419 	
0.8 	-0.000674114 	
0.9 	-0.000737892 	
1 	-0.000794098 	
1.1 	-0.000842155 	
1.2 	-0.000881571 	
1.3 	-0.00091194 	
1.4 	-0.000932952 	
1.5 	-0.000944391 	
1.6 	-0.000946138 	
1.7 	-0.000938178 	
1.8 	-0.00092059 	
1.9 	-0.000893556 	
2 	-0.000857352 	
2.1 	-0.000812351 	
2.2 	-0.000759015 	
2.3 	-0.000697889 	
2.4 	-0.000629603 	
2.5 	-0.000554856 	
2.6 	-0.000474415 	
2.7 	-0.000389107 	
2.8 	-0.000299805 	
2.9 	-0.000207427 	
3 	-0.000112921 	
3.1 	-1.72554e-05 	
3.2 	7.85868e-05 	
3.3 	0.000173623 	
3.4 	0.000266877 	
3.5 	0.000357393 	
3.6 	0.000444241 	
3.7 	0.000526531 	
3.8 	0.000603418 	
3.9 	0.000674114 	
4 	0.000737892 	
4.1 	0.000794098 	
4.2 	0.000842155 	
4.3 	0.000881571 	
4.4 	0.000911941 	
4.5 	0.000932953 	
4.6 	0.000944392 	
4.7 	0.00094614 	
4.8 	0.000938179 	
4.9 	0.000920591 	
5 	0.000893557 	
5.1 	0.000857354 	
5.2 	0.000812353 	
5.3 	0.000759016 	
5.4 	0.00069789 	
5.5 	0.000629603 	
5.6 	0.000554856 	
5.7 	0.000474415 	
5.8 	0.000389106 	
5.9 	0.000299804 	
6 	0.000207426 	
6.1 	0.000112919 	


-1 	4.8 	
0 	1.56485e-05 	
0.1 	-7.12744e-05 	
0.2 	-0.000157466 	
0.3 	-0.000242042 	
0.4 	-0.000324134 	
0.5 	-0.0004029 	
0.6 	-0.000477531 	
0.7 	-0.000547263 	
0.8 	-0.000611378 	
0.9 	-0.000669221 	
1 	-0.000720196 	
1.1 	-0.000763781 	
1.2 	-0.000799528 	
1.3 	-0.000827072 	
1.4 	-0.000846128 	
1.5 	-0.000856502 	
1.6 	-0.000858087 	
1.7 	-0.000850867 	
1.8 	-0.000834916 	
1.9 	-0.000810398 	
2 	-0.000777564 	
2.1 	-0.000736751 	
2.2 	-0.000688378 	
2.3 	-0.000632941 	
2.4 	-0.00057101 	
2.5 	-0.000503219 	
2.6 	-0.000430264 	
2.7 	-0.000352895 	
2.8 	-0.000271904 	
2.9 	-0.000188123 	
3 	-0.000102412 	
3.1 	-1.56494e-05 	
3.2 	7.12734e-05 	
3.3 	0.000157465 	
3.4 	0.000242041 	
3.5 	0.000324133 	
3.6 	0.000402899 	
3.7 	0.00047753 	
3.8 	0.000547262 	
3.9 	0.000611378 	
4 	0.00066922 	
4.1 	0.000720196 	
4.2 	0.000763781 	
4.3 	0.000799529 	
4.4 	0.000827072 	
4.5 	0.000846129 	
4.6 	0.000856503 	
4.7 	0.000858088 	
4.8 	0.000850868 	
4.9 	0.000834917 	
5 	0.000810399 	
5.1 	0.000777565 	
5.2 	0.000736752 	
5.3 	0.000688379 	
5.4 	0.000632942 	
5.5 	0.00057101 	
5.6 	0.000503219 	
5.7 	0.000430264 	
5.8 	0.000352894 	
5.9 	0.000271903 	
6 	0.000188122 	
6.1 	0.000102411 	


-1 	4.9 	
0 	1.41923e-05 	
0.1 	-6.46412e-05 	
0.2 	-0.000142811 	
0.3 	-0.000219516 	
0.4 	-0.000293968 	
0.5 	-0.000365404 	
0.6 	-0.00043309 	
0.7 	-0.000496332 	
0.8 	-0.000554481 	
0.9 	-0.00060694 	
1 	-0.000653172 	
1.1 	-0.0006927 	
1.2 	-0.000725121 	
1.3 	-0.000750101 	
1.4 	-0.000767384 	
1.5 	-0.000776793 	
1.6 	-0.00077823 	
1.7 	-0.000771682 	
1.8 	-0.000757216 	
1.9 	-0.000734979 	
2 	-0.000705201 	
2.1 	-0.000668186 	
2.2 	-0.000624315 	
2.3 	-0.000574037 	
2.4 	-0.000517869 	
2.5 	-0.000456387 	
2.6 	-0.000390222 	
2.7 	-0.000320053 	
2.8 	-0.000246599 	
2.9 	-0.000170615 	
3 	-9.28808e-05 	
3.1 	-1.4193e-05 	
3.2 	6.46405e-05 	
3.3 	0.000142811 	
3.4 	0.000219515 	
3.5 	0.000293968 	
3.6 	0.000365403 	
3.7 	0.00043309 	
3.8 	0.000496332 	
3.9 	0.000554481 	
4 	0.00060694 	
4.1 	0.000653172 	
4.2 	0.000692701 	
4.3 	0.000725121 	
4.4 	0.000750102 	
4.5 	0.000767385 	
4.6 	0.000776793 	
4.7 	0.000778231 	
4.8 	0.000771683 	
4.9 	0.000757217 	
5 	0.00073498 	
5.1 	0.000705201 	
5.2 	0.000668187 	
5.3 	0.000624315 	
5.4 	0.000574038 	
5.5 	0.00051787 	
5.6 	0.000456387 	
5.7 	0.000390222 	
5.8 	0.000320053 	
5.9 	0.000246599 	
6 	0.000170615 	
6.1 	9.28802e-05 	
