-1 	0 	
0 	1.03276 	
0.1 	1.19722 	
0.2 	1.28727 	
0.3 	1.29525 	
0.4 	1.2891 	
0.5 	1.34859 	
0.6 	1.49089 	
0.7 	1.65376 	
0.8 	1.75188 	
0.9 	1.75452 	
1 	1.71307 	
1.1 	1.71318 	
1.2 	1.79548 	
1.3 	1.91779 	
1.4 	1.9935 	
1.5 	1.97096 	
1.6 	1.88074 	
1.7 	1.80743 	
1.8 	1.81183 	
1.9 	1.87512 	
2 	1.91631 	
2.1 	1.86691 	
2.2 	1.73422 	
2.3 	1.59498 	
2.4 	1.52529 	
2.5 	1.53114 	
2.6 	1.54349 	
2.7 	1.48238 	
2.8 	1.33114 	
2.9 	1.15242 	
3 	1.03139 	
3.1 	0.99818 	
3.2 	1.00104 	
3.3 	0.954692 	
3.4 	0.8196 	
3.5 	0.639115 	
3.6 	0.500437 	
3.7 	0.455233 	
3.8 	0.47289 	
3.9 	0.469385 	
4 	0.385216 	
4.1 	0.240737 	
4.2 	0.118022 	
4.3 	0.0859185 	
4.4 	0.137202 	
4.5 	0.195595 	
4.6 	0.18621 	
4.7 	0.104637 	
4.8 	0.0211626 	
4.9 	0.0162466 	
5 	0.106576 	
5.1 	0.229693 	
5.2 	0.301337 	
5.3 	0.292799 	
5.4 	0.257174 	
5.5 	0.280422 	
5.6 	0.402242 	
5.7 	0.579569 	
5.8 	0.726304 	
5.9 	0.792843 	
6 	0.81238 	
6.1 	0.871577 	


-1 	0.1 	
0 	1.02137 	
0.1 	1.10995 	
0.2 	1.1898 	
0.3 	1.2599 	
0.4 	1.32647 	
0.5 	1.39677 	
0.6 	1.4719 	
0.7 	1.54512 	
0.8 	1.60748 	
0.9 	1.6554 	
1 	1.69341 	
1.1 	1.72945 	
1.2 	1.76712 	
1.3 	1.80196 	
1.4 	1.82521 	
1.5 	1.83163 	
1.6 	1.82412 	
1.7 	1.81094 	
1.8 	1.79812 	
1.9 	1.78393 	
2 	1.76061 	
2.1 	1.72173 	
2.2 	1.66833 	
2.3 	1.60834 	
2.4 	1.54969 	
2.5 	1.49347 	
2.6 	1.43349 	
2.7 	1.36251 	
2.8 	1.27955 	
2.9 	1.19142 	
3 	1.10719 	
3.1 	1.03055 	
3.2 	0.957137 	
3.3 	0.879338 	
3.4 	0.794003 	
3.5 	0.706109 	
3.6 	0.624914 	
3.7 	0.556166 	
3.8 	0.497512 	
3.9 	0.441321 	
4 	0.382322 	
4.1 	0.323035 	
4.2 	0.271977 	
4.3 	0.236315 	
4.4 	0.215693 	
4.5 	0.20292 	
4.6 	0.190879 	
4.7 	0.179305 	
4.8 	0.175198 	
4.9 	0.186494 	
5 	0.214815 	
5.1 	0.25396 	
5.2 	0.295532 	
5.3 	0.336523 	
5.4 	0.381887 	
5.5 	0.439722 	
5.6 	0.513487 	
5.7 	0.598376 	
5.8 	0.685146 	
5.9 	0.767801 	
6 	0.847951 	
6.1 	0.931658 	


-1 	0.2 	
0 	1.0123 	
0.1 	1.08848 	
0.2 	1.16251 	
0.3 	1.23381 	
0.4 	1.30251 	
0.5 	1.36881 	
0.6 	1.43231 	
0.7 	1.49185 	
0.8 	1.54606 	
0.9 	1.59413 	
1 	1.63607 	
1.1 	1.67228 	
1.2 	1.70278 	
1.3 	1.72684 	
1.4 	1.74338 	
1.5 	1.75175 	
1.6 	1.75212 	
1.7 	1.7453 	
1.8 	1.73191 	
1.9 	1.7119 	
2 	1.68468 	
2.1 	1.64987 	
2.2 	1.60788 	
2.3 	1.55984 	
2.4 	1.50696 	
2.5 	1.4498 	
2.6 	1.38827 	
2.7 	1.32222 	
2.8 	1.25214 	
2.9 	1.17932 	
3 	1.10528 	
3.1 	1.03106 	
3.2 	0.956892 	
3.3 	0.882696 	
3.4 	0.808837 	
3.5 	0.736461 	
3.6 	0.667121 	
3.7 	0.602001 	
3.8 	0.541464 	
3.9 	0.485323 	
4 	0.433581 	
4.1 	0.386966 	
4.2 	0.346744 	
4.3 	0.313998 	
4.4 	0.289021 	
4.5 	0.271377 	
4.6 	0.260578 	
4.7 	0.256749 	
4.8 	0.260665 	
4.9 	0.273127 	
5 	0.294253 	
5.1 	0.323322 	
5.2 	0.359328 	
5.3 	0.401713 	
5.4 	0.450617 	
5.5 	0.506394 	
5.6 	0.568839 	
5.7 	0.636818 	
5.8 	0.708642 	
5.9 	0.782815 	
6 	0.85849 	
6.1 	0.935219 	


-1 	0.3 	
0 	1.00802 	
0.1 	1.077 	
0.2 	1.14482 	
0.3 	1.21088 	
0.4 	1.27464 	
0.5 	1.33562 	
0.6 	1.39328 	
0.7 	1.44704 	
0.8 	1.49631 	
0.9 	1.54061 	
1 	1.57956 	
1.1 	1.61286 	
1.2 	1.64021 	
1.3 	1.66131 	
1.4 	1.67586 	
1.5 	1.68366 	
1.6 	1.68464 	
1.7 	1.67888 	
1.8 	1.66648 	
1.9 	1.64753 	
2 	1.62215 	
2.1 	1.59051 	
2.2 	1.55294 	
2.3 	1.50987 	
2.4 	1.46181 	
2.5 	1.40923 	
2.6 	1.3526 	
2.7 	1.29239 	
2.8 	1.22921 	
2.9 	1.16373 	
3 	1.0967 	
3.1 	1.0288 	
3.2 	0.960681 	
3.3 	0.892939 	
3.4 	0.826221 	
3.5 	0.761242 	
3.6 	0.698741 	
3.7 	0.639402 	
3.8 	0.583804 	
3.9 	0.532439 	
4 	0.485786 	
4.1 	0.444353 	
4.2 	0.408659 	
4.3 	0.379157 	
4.4 	0.35617 	
4.5 	0.339899 	
4.6 	0.330479 	
4.7 	0.32805 	
4.8 	0.332751 	
4.9 	0.344661 	
5 	0.363723 	
5.1 	0.389733 	
5.2 	0.422384 	
5.3 	0.461341 	
5.4 	0.506261 	
5.5 	0.556744 	
5.6 	0.612263 	
5.7 	0.672125 	
5.8 	0.735516 	
5.9 	0.801596 	
6 	0.869553 	
6.1 	0.938617 	


-1 	0.4 	
0 	1.00611 	
0.1 	1.06868 	
0.2 	1.13042 	
0.3 	1.19072 	
0.4 	1.249 	
0.5 	1.30472 	
0.6 	1.35735 	
0.7 	1.40639 	
0.8 	1.45136 	
0.9 	1.49183 	
1 	1.52743 	
1.1 	1.55781 	
1.2 	1.58269 	
1.3 	1.60182 	
1.4 	1.615 	
1.5 	1.62209 	
1.6 	1.62303 	
1.7 	1.6178 	
1.8 	1.60647 	
1.9 	1.58913 	
2 	1.56596 	
2.1 	1.53717 	
2.2 	1.50304 	
2.3 	1.46392 	
2.4 	1.42021 	
2.5 	1.37234 	
2.6 	1.32077 	
2.7 	1.26603 	
2.8 	1.20865 	
2.9 	1.14921 	
3 	1.08832 	
3.1 	1.0266 	
3.2 	0.964652 	
3.3 	0.903103 	
3.4 	0.84257 	
3.5 	0.783673 	
3.6 	0.727018 	
3.7 	0.673191 	
3.8 	0.622743 	
3.9 	0.576188 	
4 	0.534009 	
4.1 	0.496652 	
4.2 	0.464525 	
4.3 	0.437984 	
4.4 	0.417326 	
4.5 	0.402784 	
4.6 	0.39453 	
4.7 	0.392681 	
4.8 	0.397295 	
4.9 	0.408364 	
5 	0.425803 	
5.1 	0.44945 	
5.2 	0.479068 	
5.3 	0.514355 	
5.4 	0.554944 	
5.5 	0.6004 	
5.6 	0.650223 	
5.7 	0.703841 	
5.8 	0.760631 	
5.9 	0.819932 	
6 	0.881068 	
6.1 	0.943354 	


-1 	0.5 	
0 	1.00534 	
0.1 	1.06206 	
0.2 	1.11813 	
0.3 	1.17296 	
0.4 	1.22601 	
0.5 	1.27677 	
0.6 	1.32473 	
0.7 	1.36943 	
0.8 	1.41043 	
0.9 	1.44735 	
1 	1.47981 	
1.1 	1.50751 	
1.2 	1.53018 	
1.3 	1.5476 	
1.4 	1.5596 	
1.5 	1.56606 	
1.6 	1.56691 	
1.7 	1.56215 	
1.8 	1.55183 	
1.9 	1.53604 	
2 	1.51495 	
2.1 	1.48875 	
2.2 	1.45771 	
2.3 	1.42214 	
2.4 	1.38239 	
2.5 	1.33886 	
2.6 	1.29198 	
2.7 	1.24222 	
2.8 	1.19008 	
2.9 	1.13608 	
3 	1.08077 	
3.1 	1.0247 	
3.2 	0.968442 	
3.3 	0.912564 	
3.4 	0.857632 	
3.5 	0.804206 	
3.6 	0.752833 	
3.7 	0.704042 	
3.8 	0.658337 	
3.9 	0.61619 	
4 	0.578044 	
4.1 	0.544301 	
4.2 	0.515324 	
4.3 	0.491426 	
4.4 	0.472872 	
4.5 	0.459873 	
4.6 	0.452583 	
4.7 	0.451098 	
4.8 	0.455455 	
4.9 	0.465628 	
5 	0.481527 	
5.1 	0.502999 	
5.2 	0.529826 	
5.3 	0.561729 	
5.4 	0.598368 	
5.5 	0.639351 	
5.6 	0.684228 	
5.7 	0.732506 	
5.8 	0.78365 	
5.9 	0.837097 	
6 	0.892259 	
6.1 	0.948541 	


-1 	0.6 	
0 	1.00515 	
0.1 	1.05656 	
0.2 	1.10742 	
0.3 	1.15721 	
0.4 	1.20543 	
0.5 	1.25159 	
0.6 	1.29523 	
0.7 	1.33592 	
0.8 	1.37326 	
0.9 	1.40688 	
1 	1.43645 	
1.1 	1.46169 	
1.2 	1.48234 	
1.3 	1.49822 	
1.4 	1.50915 	
1.5 	1.51504 	
1.6 	1.51583 	
1.7 	1.5115 	
1.8 	1.50212 	
1.9 	1.48776 	
2 	1.46857 	
2.1 	1.44475 	
2.2 	1.41653 	
2.3 	1.38419 	
2.4 	1.34805 	
2.5 	1.30848 	
2.6 	1.26588 	
2.7 	1.22066 	
2.8 	1.17329 	
2.9 	1.12424 	
3 	1.074 	
3.1 	1.02309 	
3.2 	0.972019 	
3.3 	0.921304 	
3.4 	0.871463 	
3.5 	0.823006 	
3.6 	0.776429 	
3.7 	0.732211 	
3.8 	0.69081 	
3.9 	0.652656 	
4 	0.618148 	
4.1 	0.587652 	
4.2 	0.56149 	
4.3 	0.539945 	
4.4 	0.523251 	
4.5 	0.511596 	
4.6 	0.505113 	
4.7 	0.503882 	
4.8 	0.507931 	
4.9 	0.517226 	
5 	0.531682 	
5.1 	0.551153 	
5.2 	0.575439 	
5.3 	0.604287 	
5.4 	0.63739 	
5.5 	0.674396 	
5.6 	0.714906 	
5.7 	0.758485 	
5.8 	0.80466 	
5.9 	0.852937 	
6 	0.902799 	
6.1 	0.953714 	


-1 	0.7 	
0 	1.00526 	
0.1 	1.05186 	
0.2 	1.09799 	
0.3 	1.14318 	
0.4 	1.18696 	
0.5 	1.2289 	
0.6 	1.26856 	
0.7 	1.30556 	
0.8 	1.33953 	
0.9 	1.37012 	
1 	1.39704 	
1.1 	1.42002 	
1.2 	1.43882 	
1.3 	1.45328 	
1.4 	1.46324 	
1.5 	1.46862 	
1.6 	1.46935 	
1.7 	1.46543 	
1.8 	1.4569 	
1.9 	1.44386 	
2 	1.42642 	
2.1 	1.40477 	
2.2 	1.37912 	
2.3 	1.34972 	
2.4 	1.31688 	
2.5 	1.28093 	
2.6 	1.24222 	
2.7 	1.20114 	
2.8 	1.15811 	
2.9 	1.11356 	
3 	1.06795 	
3.1 	1.02173 	
3.2 	0.975377 	
3.3 	0.929357 	
3.4 	0.884144 	
3.5 	0.840198 	
3.6 	0.797971 	
3.7 	0.757898 	
3.8 	0.720395 	
3.9 	0.68585 	
4 	0.654624 	
4.1 	0.627045 	
4.2 	0.603406 	
4.3 	0.583959 	
4.4 	0.568913 	
4.5 	0.558434 	
4.6 	0.552638 	
4.7 	0.551595 	
4.8 	0.555323 	
4.9 	0.56379 	
5 	0.576914 	
5.1 	0.594561 	
5.2 	0.616549 	
5.3 	0.642648 	
5.4 	0.672583 	
5.5 	0.706037 	
5.6 	0.742655 	
5.7 	0.782048 	
5.8 	0.823798 	
5.9 	0.867461 	
6 	0.912576 	
6.1 	0.95867 	


-1 	0.8 	
0 	1.00554 	
0.1 	1.04778 	
0.2 	1.08961 	
0.3 	1.13061 	
0.4 	1.17035 	
0.5 	1.20843 	
0.6 	1.24446 	
0.7 	1.27808 	
0.8 	1.30895 	
0.9 	1.33677 	
1 	1.36125 	
1.1 	1.38215 	
1.2 	1.39927 	
1.3 	1.41243 	
1.4 	1.4215 	
1.5 	1.4264 	
1.6 	1.42708 	
1.7 	1.42353 	
1.8 	1.41579 	
1.9 	1.40395 	
2 	1.38811 	
2.1 	1.36843 	
2.2 	1.34513 	
2.3 	1.31843 	
2.4 	1.28859 	
2.5 	1.25593 	
2.6 	1.22077 	
2.7 	1.18346 	
2.8 	1.14439 	
2.9 	1.10394 	
3 	1.06253 	
3.1 	1.02058 	
3.2 	0.978514 	
3.3 	0.936761 	
3.4 	0.895749 	
3.5 	0.855897 	
3.6 	0.817615 	
3.7 	0.781298 	
3.8 	0.74732 	
3.9 	0.716035 	
4 	0.687769 	
4.1 	0.662817 	
4.2 	0.641442 	
4.3 	0.623871 	
4.4 	0.610291 	
4.5 	0.600848 	
4.6 	0.595647 	
4.7 	0.594747 	
4.8 	0.598163 	
4.9 	0.605862 	
5 	0.617768 	
5.1 	0.63376 	
5.2 	0.653671 	
5.3 	0.677295 	
5.4 	0.704384 	
5.5 	0.734652 	
5.6 	0.767783 	
5.7 	0.803426 	
5.8 	0.841206 	
5.9 	0.880728 	
6 	0.921576 	
6.1 	0.963324 	


-1 	0.9 	
0 	1.0059 	
0.1 	1.0442 	
0.2 	1.08214 	
0.3 	1.11932 	
0.4 	1.15538 	
0.5 	1.18995 	
0.6 	1.22266 	
0.7 	1.2532 	
0.8 	1.28124 	
0.9 	1.30652 	
1 	1.32877 	
1.1 	1.34777 	
1.2 	1.36334 	
1.3 	1.37531 	
1.4 	1.38357 	
1.5 	1.38803 	
1.6 	1.38866 	
1.7 	1.38545 	
1.8 	1.37843 	
1.9 	1.36767 	
2 	1.35329 	
2.1 	1.33543 	
2.2 	1.31426 	
2.3 	1.29001 	
2.4 	1.26291 	
2.5 	1.23325 	
2.6 	1.20132 	
2.7 	1.16745 	
2.8 	1.13197 	
2.9 	1.09526 	
3 	1.05767 	
3.1 	1.0196 	
3.2 	0.98143 	
3.3 	0.943552 	
3.4 	0.906354 	
3.5 	0.870215 	
3.6 	0.835509 	
3.7 	0.802592 	
3.8 	0.771805 	
3.9 	0.743465 	
4 	0.717869 	
4.1 	0.695283 	
4.2 	0.675944 	
4.3 	0.660055 	
4.4 	0.647784 	
4.5 	0.639263 	
4.6 	0.634583 	
4.7 	0.633796 	
4.8 	0.636915 	
4.9 	0.643909 	
5 	0.654707 	
5.1 	0.669199 	
5.2 	0.687235 	
5.3 	0.708628 	
5.4 	0.733154 	
5.5 	0.760557 	
5.6 	0.79055 	
5.7 	0.82282 	
5.8 	0.857029 	
5.9 	0.892821 	
6 	0.929822 	
6.1 	0.967647 	
