-1 	0 	0 	
0 	0 	1.08039 	
0 	0.4 	1.10164 	
0 	0.8 	1.83662 	
0 	1.2 	1.07886 	
0 	1.6 	1.10215 	
0 	2 	1.2925 	
0 	2.4 	1.23399 	
0 	2.8 	1.42661 	
0 	3.2 	0.879236 	
0 	3.6 	1.21707 	
0 	4 	1.13851 	
0 	4.4 	0.635252 	
0 	4.8 	1.15508 	
0 	5.2 	1.3599 	
0 	5.6 	1.49692 	
0.4 	0 	1.16079 	
0.4 	0.4 	1.08799 	
0.4 	0.8 	1.54727 	
0.4 	1.2 	1.29566 	
0.4 	1.6 	0.774019 	
0.4 	2 	1.14568 	
0.4 	2.4 	1.56806 	
0.4 	2.8 	1.78036 	
0.4 	3.2 	0.381469 	
0.4 	3.6 	1.54727 	
0.4 	4 	0.536551 	
0.4 	4.4 	1.01878 	
0.4 	4.8 	1.65558 	
0.4 	5.2 	1.57754 	
0.4 	5.6 	1.17553 	
0.8 	0 	1.07886 	
0.8 	0.4 	1.13487 	
0.8 	0.8 	1.29218 	
0.8 	1.2 	1.54257 	
0.8 	1.6 	1.04585 	
0.8 	2 	1.27156 	
0.8 	2.4 	1.83832 	
0.8 	2.8 	1.96926 	
0.8 	3.2 	0.635252 	
0.8 	3.6 	1.68707 	
0.8 	4 	1.07593 	
0.8 	4.4 	1.59374 	
0.8 	4.8 	1.50798 	
0.8 	5.2 	1.33006 	
0.8 	5.6 	1.00248 	
1.2 	0 	1.06803 	
1.2 	0.4 	1.15689 	
1.2 	0.8 	1.65558 	
1.2 	1.2 	1.65254 	
1.2 	1.6 	0.66173 	
1.2 	2 	1.06774 	
1.2 	2.4 	1.8934 	
1.2 	2.8 	1.76722 	
1.2 	3.2 	1.48067 	
1.2 	3.6 	1.14568 	
1.2 	4 	0.90834 	
1.2 	4.4 	1.73229 	
1.2 	4.8 	1.06774 	
1.2 	5.2 	0.888297 	
1.2 	5.6 	1.13937 	
1.6 	0 	1.23399 	
1.6 	0.4 	1.06429 	
1.6 	0.8 	1.81277 	
1.6 	1.2 	1.83832 	
1.6 	1.6 	0.91712 	
1.6 	2 	0.510063 	
1.6 	2.4 	1.70821 	
1.6 	2.8 	1.5126 	
1.6 	3.2 	1.49692 	
1.6 	3.6 	0.953737 	
1.6 	4 	1.37135 	
1.6 	4.4 	1.00248 	
1.6 	4.8 	1.08671 	
1.6 	5.2 	0.822627 	
1.6 	5.6 	1.04763 	
2 	0 	1.16166 	
2 	0.4 	1.16079 	
2 	0.8 	1.41246 	
2 	1.2 	1.67736 	
2 	1.6 	1.06803 	
2 	2 	0.499559 	
2 	2.4 	1.28974 	
2 	2.8 	1.16166 	
2 	3.2 	1.25241 	
2 	3.6 	0.381469 	
2 	4 	1.13529 	
2 	4.4 	0.516374 	
2 	4.8 	1.48067 	
2 	5.2 	1.25497 	
2 	5.6 	1.25809 	
2.4 	0 	1.21707 	
2.4 	0.4 	1.49413 	
2.4 	0.8 	1.15453 	
2.4 	1.2 	1.68707 	
2.4 	1.6 	1.13023 	
2.4 	2 	0.981776 	
2.4 	2.4 	0.953737 	
2.4 	2.8 	1.83662 	
2.4 	3.2 	1.35869 	
2.4 	3.6 	0.891073 	
2.4 	4 	1.29218 	
2.4 	4.4 	0.781473 	
2.4 	4.8 	1.81434 	
2.4 	5.2 	1.81277 	
2.4 	5.6 	1.29977 	
2.8 	0 	1.13529 	
2.8 	0.4 	1.29566 	
2.8 	0.8 	1.5376 	
2.8 	1.2 	1.42457 	
2.8 	1.6 	1.65254 	
2.8 	2 	1.28036 	
2.8 	2.4 	0.920999 	
2.8 	2.8 	1.67736 	
2.8 	3.2 	1.44686 	
2.8 	3.6 	1.01878 	
2.8 	4 	1.42457 	
2.8 	4.4 	1.53943 	
2.8 	4.8 	1.73229 	
2.8 	5.2 	1.09712 	
2.8 	5.6 	0.766849 	
3.2 	0 	1.15508 	
3.2 	0.4 	1.13023 	
3.2 	0.8 	1.62257 	
3.2 	1.2 	1.50798 	
3.2 	1.6 	2.1113 	
3.2 	2 	0.98365 	
3.2 	2.4 	1.08671 	
3.2 	2.8 	1.2925 	
3.2 	3.2 	0.803737 	
3.2 	3.6 	1.81434 	
3.2 	4 	1.27156 	
3.2 	4.4 	1.59012 	
3.2 	4.8 	1.37644 	
3.2 	5.2 	0.510063 	
3.2 	5.6 	0.74945 	
3.6 	0 	1.25497 	
3.6 	0.4 	1.56806 	
3.6 	0.8 	1.24707 	
3.6 	1.2 	1.09712 	
3.6 	1.6 	1.8934 	
3.6 	2 	0.937885 	
3.6 	2.4 	1.19818 	
3.6 	2.8 	1.28974 	
3.6 	3.2 	0.61762 	
3.6 	3.6 	1.17553 	
3.6 	4 	0.920999 	
3.6 	4.4 	1.09331 	
3.6 	4.8 	1.13937 	
3.6 	5.2 	1.19818 	
3.6 	5.6 	1.35836 	
4 	0 	1.10164 	
4 	0.4 	1.83662 	
4 	0.8 	1.07886 	
4 	1.2 	1.10215 	
4 	1.6 	1.2925 	
4 	2 	1.23399 	
4 	2.4 	1.42661 	
4 	2.8 	0.879236 	
4 	3.2 	1.21707 	
4 	3.6 	1.13851 	
4 	4 	0.635252 	
4 	4.4 	1.15508 	
4 	4.8 	1.3599 	
4 	5.2 	1.49692 	
4 	5.6 	1.10164 	
4.4 	0 	1.08799 	
4.4 	0.4 	1.54727 	
4.4 	0.8 	1.29566 	
4.4 	1.2 	0.774019 	
4.4 	1.6 	1.14568 	
4.4 	2 	1.56806 	
4.4 	2.4 	1.78036 	
4.4 	2.8 	0.381469 	
4.4 	3.2 	1.54727 	
4.4 	3.6 	0.536551 	
4.4 	4 	1.01878 	
4.4 	4.4 	1.65558 	
4.4 	4.8 	1.57754 	
4.4 	5.2 	1.17553 	
4.4 	5.6 	1.41246 	
4.8 	0 	1.13487 	
4.8 	0.4 	1.29218 	
4.8 	0.8 	1.54257 	
4.8 	1.2 	1.04585 	
4.8 	1.6 	1.27156 	
4.8 	2 	1.83832 	
4.8 	2.4 	1.96926 	
4.8 	2.8 	0.635252 	
4.8 	3.2 	1.68707 	
4.8 	3.6 	1.07593 	
4.8 	4 	1.59374 	
4.8 	4.4 	1.50798 	
4.8 	4.8 	1.33006 	
4.8 	5.2 	1.00248 	
4.8 	5.6 	1.10215 	
5.2 	0 	1.15689 	
5.2 	0.4 	1.65558 	
5.2 	0.8 	1.65254 	
5.2 	1.2 	0.66173 	
5.2 	1.6 	1.06774 	
5.2 	2 	1.8934 	
5.2 	2.4 	1.76722 	
5.2 	2.8 	1.48067 	
5.2 	3.2 	1.14568 	
5.2 	3.6 	0.90834 	
5.2 	4 	1.73229 	
5.2 	4.4 	1.06774 	
5.2 	4.8 	0.888297 	
5.2 	5.2 	1.13937 	
5.2 	5.6 	0.499559 	
5.6 	0 	1.06429 	
5.6 	0.4 	1.81277 	
5.6 	0.8 	1.83832 	
5.6 	1.2 	0.91712 	
5.6 	1.6 	0.510063 	
5.6 	2 	1.70821 	
5.6 	2.4 	1.5126 	
5.6 	2.8 	1.49692 	
5.6 	3.2 	0.953737 	
5.6 	3.6 	1.37135 	
5.6 	4 	1.00248 	
5.6 	4.4 	1.08671 	
5.6 	4.8 	0.822627 	
5.6 	5.2 	1.04763 	
5.6 	5.6 	1.42661 	


-1 	0.1 	0 	
0 	0 	1.12545 	
0 	0.4 	1.14248 	
0 	0.8 	1.55101 	
0 	1.2 	1.15047 	
0 	1.6 	1.09781 	
0 	2 	1.39467 	
0 	2.4 	1.28022 	
0 	2.8 	1.25864 	
0 	3.2 	0.988994 	
0 	3.6 	1.26175 	
0 	4 	1.10589 	
0 	4.4 	0.94181 	
0 	4.8 	1.21019 	
0 	5.2 	1.20244 	
0 	5.6 	1.30539 	
0.4 	0 	1.18449 	
0.4 	0.4 	1.11026 	
0.4 	0.8 	1.44992 	
0.4 	1.2 	1.30795 	
0.4 	1.6 	1.02042 	
0.4 	2 	1.24699 	
0.4 	2.4 	1.48262 	
0.4 	2.8 	1.42956 	
0.4 	3.2 	0.810229 	
0.4 	3.6 	1.44992 	
0.4 	4 	0.961837 	
0.4 	4.4 	1.12717 	
0.4 	4.8 	1.42353 	
0.4 	5.2 	1.26431 	
0.4 	5.6 	1.22448 	
0.8 	0 	1.15047 	
0.8 	0.4 	1.13272 	
0.8 	0.8 	1.34343 	
0.8 	1.2 	1.47186 	
0.8 	1.6 	1.10943 	
0.8 	2 	1.21803 	
0.8 	2.4 	1.65049 	
0.8 	2.8 	1.5235 	
0.8 	3.2 	0.94181 	
0.8 	3.6 	1.48774 	
0.8 	4 	1.13574 	
0.8 	4.4 	1.37041 	
0.8 	4.8 	1.34054 	
0.8 	5.2 	1.19517 	
0.8 	5.6 	1.14161 	
1.2 	0 	1.16951 	
1.2 	0.4 	1.14594 	
1.2 	0.8 	1.42353 	
1.2 	1.2 	1.5792 	
1.2 	1.6 	1.00685 	
1.2 	2 	1.13099 	
1.2 	2.4 	1.67392 	
1.2 	2.8 	1.40547 	
1.2 	3.2 	1.28129 	
1.2 	3.6 	1.24699 	
1.2 	4 	1.10106 	
1.2 	4.4 	1.43498 	
1.2 	4.8 	1.13099 	
1.2 	5.2 	1.05649 	
1.2 	5.6 	1.18464 	
1.6 	0 	1.28022 	
1.6 	0.4 	1.10247 	
1.6 	0.8 	1.4287 	
1.6 	1.2 	1.65049 	
1.6 	1.6 	1.05451 	
1.6 	2 	0.930979 	
1.6 	2.4 	1.5343 	
1.6 	2.8 	1.29384 	
1.6 	3.2 	1.30539 	
1.6 	3.6 	1.04961 	
1.6 	4 	1.20691 	
1.6 	4.4 	1.14161 	
1.6 	4.8 	1.13559 	
1.6 	5.2 	1.05286 	
1.6 	5.6 	1.13812 	
2 	0 	1.24886 	
2 	0.4 	1.18449 	
2 	0.8 	1.26671 	
2 	1.2 	1.56566 	
2 	1.6 	1.16951 	
2 	2 	0.926913 	
2 	2.4 	1.25556 	
2 	2.8 	1.24886 	
2 	3.2 	1.2401 	
2 	3.6 	0.810229 	
2 	4 	1.21277 	
2 	4.4 	0.94491 	
2 	4.8 	1.28129 	
2 	5.2 	1.23977 	
2 	5.6 	1.16398 	
2.4 	0 	1.26175 	
2.4 	0.4 	1.31705 	
2.4 	0.8 	1.16468 	
2.4 	1.2 	1.48774 	
2.4 	1.6 	1.31208 	
2.4 	2 	1.10399 	
2.4 	2.4 	1.04961 	
2.4 	2.8 	1.55101 	
2.4 	3.2 	1.27082 	
2.4 	3.6 	0.946521 	
2.4 	4 	1.34343 	
2.4 	4.4 	1.01536 	
2.4 	4.8 	1.42337 	
2.4 	5.2 	1.4287 	
2.4 	5.6 	1.14307 	
2.8 	0 	1.21277 	
2.8 	0.4 	1.30795 	
2.8 	0.8 	1.27757 	
2.8 	1.2 	1.36947 	
2.8 	1.6 	1.5792 	
2.8 	2 	1.2346 	
2.8 	2.4 	1.03904 	
2.8 	2.8 	1.56566 	
2.8 	3.2 	1.31116 	
2.8 	3.6 	1.12717 	
2.8 	4 	1.36947 	
2.8 	4.4 	1.26462 	
2.8 	4.8 	1.43498 	
2.8 	5.2 	1.17025 	
2.8 	5.6 	0.97942 	
3.2 	0 	1.21019 	
3.2 	0.4 	1.31208 	
3.2 	0.8 	1.28738 	
3.2 	1.2 	1.34054 	
3.2 	1.6 	1.76506 	
3.2 	2 	1.12829 	
3.2 	2.4 	1.13559 	
3.2 	2.8 	1.39467 	
3.2 	3.2 	1.09744 	
3.2 	3.6 	1.42337 	
3.2 	4 	1.21803 	
3.2 	4.4 	1.27251 	
3.2 	4.8 	1.32885 	
3.2 	5.2 	0.930979 	
3.2 	5.6 	0.974553 	
3.6 	0 	1.23977 	
3.6 	0.4 	1.48262 	
3.6 	0.8 	1.18288 	
3.6 	1.2 	1.17025 	
3.6 	1.6 	1.67392 	
3.6 	2 	1.09763 	
3.6 	2.4 	1.16923 	
3.6 	2.8 	1.25556 	
3.6 	3.2 	1.04201 	
3.6 	3.6 	1.22448 	
3.6 	4 	1.03904 	
3.6 	4.4 	1.1597 	
3.6 	4.8 	1.18464 	
3.6 	5.2 	1.16923 	
3.6 	5.6 	1.15341 	
4 	0 	1.14248 	
4 	0.4 	1.55101 	
4 	0.8 	1.15047 	
4 	1.2 	1.09781 	
4 	1.6 	1.39467 	
4 	2 	1.28022 	
4 	2.4 	1.25864 	
4 	2.8 	0.988994 	
4 	3.2 	1.26175 	
4 	3.6 	1.10589 	
4 	4 	0.94181 	
4 	4.4 	1.21019 	
4 	4.8 	1.20244 	
4 	5.2 	1.30539 	
4 	5.6 	1.14248 	
4.4 	0 	1.11026 	
4.4 	0.4 	1.44992 	
4.4 	0.8 	1.30795 	
4.4 	1.2 	1.02042 	
4.4 	1.6 	1.24699 	
4.4 	2 	1.48262 	
4.4 	2.4 	1.42956 	
4.4 	2.8 	0.810229 	
4.4 	3.2 	1.44992 	
4.4 	3.6 	0.961837 	
4.4 	4 	1.12717 	
4.4 	4.4 	1.42353 	
4.4 	4.8 	1.26431 	
4.4 	5.2 	1.22448 	
4.4 	5.6 	1.26671 	
4.8 	0 	1.13272 	
4.8 	0.4 	1.34343 	
4.8 	0.8 	1.47186 	
4.8 	1.2 	1.10943 	
4.8 	1.6 	1.21803 	
4.8 	2 	1.65049 	
4.8 	2.4 	1.5235 	
4.8 	2.8 	0.94181 	
4.8 	3.2 	1.48774 	
4.8 	3.6 	1.13574 	
4.8 	4 	1.37041 	
4.8 	4.4 	1.34054 	
4.8 	4.8 	1.19517 	
4.8 	5.2 	1.14161 	
4.8 	5.6 	1.09781 	
5.2 	0 	1.14594 	
5.2 	0.4 	1.42353 	
5.2 	0.8 	1.5792 	
5.2 	1.2 	1.00685 	
5.2 	1.6 	1.13099 	
5.2 	2 	1.67392 	
5.2 	2.4 	1.40547 	
5.2 	2.8 	1.28129 	
5.2 	3.2 	1.24699 	
5.2 	3.6 	1.10106 	
5.2 	4 	1.43498 	
5.2 	4.4 	1.13099 	
5.2 	4.8 	1.05649 	
5.2 	5.2 	1.18464 	
5.2 	5.6 	0.926913 	
5.6 	0 	1.10247 	
5.6 	0.4 	1.4287 	
5.6 	0.8 	1.65049 	
5.6 	1.2 	1.05451 	
5.6 	1.6 	0.930979 	
5.6 	2 	1.5343 	
5.6 	2.4 	1.29384 	
5.6 	2.8 	1.30539 	
5.6 	3.2 	1.04961 	
5.6 	3.6 	1.20691 	
5.6 	4 	1.14161 	
5.6 	4.4 	1.13559 	
5.6 	4.8 	1.05286 	
5.6 	5.2 	1.13812 	
5.6 	5.6 	1.25864 	


-1 	0.2 	0 	
0 	0 	1.1466 	
0 	0.4 	1.14602 	
0 	0.8 	1.4374 	
0 	1.2 	1.1967 	
0 	1.6 	1.13304 	
0 	2 	1.39016 	
0 	2.4 	1.29139 	
0 	2.8 	1.20907 	
0 	3.2 	1.09212 	
0 	3.6 	1.27192 	
0 	4 	1.14045 	
0 	4.4 	1.07029 	
0 	4.8 	1.21929 	
0 	5.2 	1.15966 	
0 	5.6 	1.23192 	
0.4 	0 	1.19157 	
0.4 	0.4 	1.113 	
0.4 	0.8 	1.38446 	
0.4 	1.2 	1.3102 	
0.4 	1.6 	1.11056 	
0.4 	2 	1.27434 	
0.4 	2.4 	1.42621 	
0.4 	2.8 	1.2883 	
0.4 	3.2 	1.00568 	
0.4 	3.6 	1.38446 	
0.4 	4 	1.10237 	
0.4 	4.4 	1.15411 	
0.4 	4.8 	1.31853 	
0.4 	5.2 	1.16494 	
0.4 	5.6 	1.21287 	
0.8 	0 	1.1967 	
0.8 	0.4 	1.11682 	
0.8 	0.8 	1.32402 	
0.8 	1.2 	1.42617 	
0.8 	1.6 	1.1428 	
0.8 	2 	1.21992 	
0.8 	2.4 	1.53404 	
0.8 	2.8 	1.33437 	
0.8 	3.2 	1.07029 	
0.8 	3.6 	1.39977 	
0.8 	4 	1.16322 	
0.8 	4.4 	1.26898 	
0.8 	4.8 	1.27608 	
0.8 	5.2 	1.14408 	
0.8 	5.6 	1.18208 	
1.2 	0 	1.22833 	
1.2 	0.4 	1.12544 	
1.2 	0.8 	1.31853 	
1.2 	1.2 	1.5056 	
1.2 	1.6 	1.11573 	
1.2 	2 	1.17031 	
1.2 	2.4 	1.54189 	
1.2 	2.8 	1.28392 	
1.2 	3.2 	1.2123 	
1.2 	3.6 	1.27434 	
1.2 	4 	1.16045 	
1.2 	4.4 	1.3027 	
1.2 	4.8 	1.17031 	
1.2 	5.2 	1.10682 	
1.2 	5.6 	1.18919 	
1.6 	0 	1.29139 	
1.6 	0.4 	1.11855 	
1.6 	0.8 	1.28672 	
1.6 	1.2 	1.53404 	
1.6 	1.6 	1.13068 	
1.6 	2 	1.08999 	
1.6 	2.4 	1.43942 	
1.6 	2.8 	1.24785 	
1.6 	3.2 	1.23192 	
1.6 	3.6 	1.13127 	
1.6 	4 	1.19982 	
1.6 	4.4 	1.18208 	
1.6 	4.8 	1.15815 	
1.6 	5.2 	1.12762 	
1.6 	5.6 	1.15266 	
2 	0 	1.28103 	
2 	0.4 	1.19157 	
2 	0.8 	1.20529 	
2 	1.2 	1.47615 	
2 	1.6 	1.22833 	
2 	2 	1.0837 	
2 	2.4 	1.26105 	
2 	2.8 	1.28103 	
2 	3.2 	1.21354 	
2 	3.6 	1.00568 	
2 	4 	1.23864 	
2 	4.4 	1.08831 	
2 	4.8 	1.2123 	
2 	5.2 	1.20695 	
2 	5.6 	1.12776 	
2.4 	0 	1.27192 	
2.4 	0.4 	1.26979 	
2.4 	0.8 	1.15707 	
2.4 	1.2 	1.39977 	
2.4 	1.6 	1.35173 	
2.4 	2 	1.15357 	
2.4 	2.4 	1.13127 	
2.4 	2.8 	1.4374 	
2.4 	3.2 	1.2302 	
2.4 	3.6 	1.04179 	
2.4 	4 	1.32402 	
2.4 	4.4 	1.10047 	
2.4 	4.8 	1.27846 	
2.4 	5.2 	1.28672 	
2.4 	5.6 	1.09656 	
2.8 	0 	1.23864 	
2.8 	0.4 	1.3102 	
2.8 	0.8 	1.18729 	
2.8 	1.2 	1.32338 	
2.8 	1.6 	1.5056 	
2.8 	2 	1.21102 	
2.8 	2.4 	1.11466 	
2.8 	2.8 	1.47615 	
2.8 	3.2 	1.2516 	
2.8 	3.6 	1.15411 	
2.8 	4 	1.32338 	
2.8 	4.4 	1.18243 	
2.8 	4.8 	1.3027 	
2.8 	5.2 	1.18897 	
2.8 	5.6 	1.04042 	
3.2 	0 	1.21929 	
3.2 	0.4 	1.35173 	
3.2 	0.8 	1.188 	
3.2 	1.2 	1.27608 	
3.2 	1.6 	1.59269 	
3.2 	2 	1.17563 	
3.2 	2.4 	1.15815 	
3.2 	2.8 	1.39016 	
3.2 	3.2 	1.18335 	
3.2 	3.6 	1.27846 	
3.2 	4 	1.21992 	
3.2 	4.4 	1.19044 	
3.2 	4.8 	1.26963 	
3.2 	5.2 	1.08999 	
3.2 	5.6 	1.04566 	
3.6 	0 	1.20695 	
3.6 	0.4 	1.42621 	
3.6 	0.8 	1.16454 	
3.6 	1.2 	1.18897 	
3.6 	1.6 	1.54189 	
3.6 	2 	1.16763 	
3.6 	2.4 	1.17141 	
3.6 	2.8 	1.26105 	
3.6 	3.2 	1.17487 	
3.6 	3.6 	1.21287 	
3.6 	4 	1.11466 	
3.6 	4.4 	1.18072 	
3.6 	4.8 	1.18919 	
3.6 	5.2 	1.17141 	
3.6 	5.6 	1.12325 	
4 	0 	1.14602 	
4 	0.4 	1.4374 	
4 	0.8 	1.1967 	
4 	1.2 	1.13304 	
4 	1.6 	1.39016 	
4 	2 	1.29139 	
4 	2.4 	1.20907 	
4 	2.8 	1.09212 	
4 	3.2 	1.27192 	
4 	3.6 	1.14045 	
4 	4 	1.07029 	
4 	4.4 	1.21929 	
4 	4.8 	1.15966 	
4 	5.2 	1.23192 	
4 	5.6 	1.14602 	
4.4 	0 	1.113 	
4.4 	0.4 	1.38446 	
4.4 	0.8 	1.3102 	
4.4 	1.2 	1.11056 	
4.4 	1.6 	1.27434 	
4.4 	2 	1.42621 	
4.4 	2.4 	1.2883 	
4.4 	2.8 	1.00568 	
4.4 	3.2 	1.38446 	
4.4 	3.6 	1.10237 	
4.4 	4 	1.15411 	
4.4 	4.4 	1.31853 	
4.4 	4.8 	1.16494 	
4.4 	5.2 	1.21287 	
4.4 	5.6 	1.20529 	
4.8 	0 	1.11682 	
4.8 	0.4 	1.32402 	
4.8 	0.8 	1.42617 	
4.8 	1.2 	1.1428 	
4.8 	1.6 	1.21992 	
4.8 	2 	1.53404 	
4.8 	2.4 	1.33437 	
4.8 	2.8 	1.07029 	
4.8 	3.2 	1.39977 	
4.8 	3.6 	1.16322 	
4.8 	4 	1.26898 	
4.8 	4.4 	1.27608 	
4.8 	4.8 	1.14408 	
4.8 	5.2 	1.18208 	
4.8 	5.6 	1.13304 	
5.2 	0 	1.12544 	
5.2 	0.4 	1.31853 	
5.2 	0.8 	1.5056 	
5.2 	1.2 	1.11573 	
5.2 	1.6 	1.17031 	
5.2 	2 	1.54189 	
5.2 	2.4 	1.28392 	
5.2 	2.8 	1.2123 	
5.2 	3.2 	1.27434 	
5.2 	3.6 	1.16045 	
5.2 	4 	1.3027 	
5.2 	4.4 	1.17031 	
5.2 	4.8 	1.10682 	
5.2 	5.2 	1.18919 	
5.2 	5.6 	1.0837 	
5.6 	0 	1.11855 	
5.6 	0.4 	1.28672 	
5.6 	0.8 	1.53404 	
5.6 	1.2 	1.13068 	
5.6 	1.6 	1.08999 	
5.6 	2 	1.43942 	
5.6 	2.4 	1.24785 	
5.6 	2.8 	1.23192 	
5.6 	3.2 	1.13127 	
5.6 	3.6 	1.19982 	
5.6 	4 	1.18208 	
5.6 	4.4 	1.15815 	
5.6 	4.8 	1.12762 	
5.6 	5.2 	1.15266 	
5.6 	5.6 	1.20907 	


-1 	0.3 	0 	
0 	0 	1.15779 	
0 	0.4 	1.14136 	
0 	0.8 	1.38018 	
0 	1.2 	1.22212 	
0 	1.6 	1.15664 	
0 	2 	1.36541 	
0 	2.4 	1.29221 	
0 	2.8 	1.19397 	
0 	3.2 	1.16069 	
0 	3.6 	1.27107 	
0 	4 	1.16259 	
0 	4.4 	1.13156 	
0 	4.8 	1.2141 	
0 	5.2 	1.14728 	
0 	5.6 	1.20319 	
0.4 	0 	1.19772 	
0.4 	0.4 	1.11244 	
0.4 	0.8 	1.34193 	
0.4 	1.2 	1.30631 	
0.4 	1.6 	1.1455 	
0.4 	2 	1.27989 	
0.4 	2.4 	1.38581 	
0.4 	2.8 	1.23069 	
0.4 	3.2 	1.10606 	
0.4 	3.6 	1.34193 	
0.4 	4 	1.15054 	
0.4 	4.4 	1.16624 	
0.4 	4.8 	1.26758 	
0.4 	5.2 	1.13527 	
0.4 	5.6 	1.19919 	
0.8 	0 	1.22212 	
0.8 	0.4 	1.10842 	
0.8 	0.8 	1.29697 	
0.8 	1.2 	1.39047 	
0.8 	1.6 	1.15784 	
0.8 	2 	1.22819 	
0.8 	2.4 	1.45685 	
0.8 	2.8 	1.25513 	
0.8 	3.2 	1.13156 	
0.8 	3.6 	1.35147 	
0.8 	4 	1.17455 	
0.8 	4.4 	1.22185 	
0.8 	4.8 	1.24804 	
0.8 	5.2 	1.12751 	
0.8 	5.6 	1.18734 	
1.2 	0 	1.25539 	
1.2 	0.4 	1.11606 	
1.2 	0.8 	1.26758 	
1.2 	1.2 	1.44608 	
1.2 	1.6 	1.15431 	
1.2 	2 	1.192 	
1.2 	2.4 	1.45847 	
1.2 	2.8 	1.24101 	
1.2 	3.2 	1.19113 	
1.2 	3.6 	1.27989 	
1.2 	4 	1.18238 	
1.2 	4.4 	1.23975 	
1.2 	4.8 	1.192 	
1.2 	5.2 	1.12458 	
1.2 	5.6 	1.18109 	
1.6 	0 	1.29221 	
1.6 	0.4 	1.12683 	
1.6 	0.8 	1.2297 	
1.6 	1.2 	1.45685 	
1.6 	1.6 	1.16971 	
1.6 	2 	1.15236 	
1.6 	2.4 	1.38578 	
1.6 	2.8 	1.24108 	
1.6 	3.2 	1.20319 	
1.6 	3.6 	1.18339 	
1.6 	4 	1.21122 	
1.6 	4.4 	1.18734 	
1.6 	4.8 	1.17415 	
1.6 	5.2 	1.15298 	
1.6 	5.6 	1.14943 	
2 	0 	1.28789 	
2 	0.4 	1.19772 	
2 	0.8 	1.17985 	
2 	1.2 	1.41353 	
2 	1.6 	1.25539 	
2 	2 	1.14452 	
2 	2.4 	1.27017 	
2 	2.8 	1.28789 	
2 	3.2 	1.1983 	
2 	3.6 	1.10606 	
2 	4 	1.24188 	
2 	4.4 	1.13777 	
2 	4.8 	1.19113 	
2 	5.2 	1.18563 	
2 	5.6 	1.11519 	
2.4 	0 	1.27107 	
2.4 	0.4 	1.25709 	
2.4 	0.8 	1.15099 	
2.4 	1.2 	1.35147 	
2.4 	1.6 	1.34935 	
2.4 	2 	1.17242 	
2.4 	2.4 	1.18339 	
2.4 	2.8 	1.38018 	
2.4 	3.2 	1.20906 	
2.4 	3.6 	1.10919 	
2.4 	4 	1.29697 	
2.4 	4.4 	1.13301 	
2.4 	4.8 	1.22176 	
2.4 	5.2 	1.2297 	
2.4 	5.6 	1.08578 	
2.8 	0 	1.24188 	
2.8 	0.4 	1.30631 	
2.8 	0.8 	1.15644 	
2.8 	1.2 	1.29323 	
2.8 	1.6 	1.44608 	
2.8 	2 	1.19916 	
2.8 	2.4 	1.16085 	
2.8 	2.8 	1.41353 	
2.8 	3.2 	1.2229 	
2.8 	3.6 	1.16624 	
2.8 	4 	1.29323 	
2.8 	4.4 	1.16051 	
2.8 	4.8 	1.23975 	
2.8 	5.2 	1.19448 	
2.8 	5.6 	1.06318 	
3.2 	0 	1.2141 	
3.2 	0.4 	1.34935 	
3.2 	0.8 	1.15916 	
3.2 	1.2 	1.24804 	
3.2 	1.6 	1.49239 	
3.2 	2 	1.19227 	
3.2 	2.4 	1.17415 	
3.2 	2.8 	1.36541 	
3.2 	3.2 	1.20692 	
3.2 	3.6 	1.22176 	
3.2 	4 	1.22819 	
3.2 	4.4 	1.17192 	
3.2 	4.8 	1.22734 	
3.2 	5.2 	1.15236 	
3.2 	5.6 	1.07435 	
3.6 	0 	1.18563 	
3.6 	0.4 	1.38581 	
3.6 	0.8 	1.16369 	
3.6 	1.2 	1.19448 	
3.6 	1.6 	1.45847 	
3.6 	2 	1.20119 	
3.6 	2.4 	1.1782 	
3.6 	2.8 	1.27017 	
3.6 	3.2 	1.21909 	
3.6 	3.6 	1.19919 	
3.6 	4 	1.16085 	
3.6 	4.4 	1.19056 	
3.6 	4.8 	1.18109 	
3.6 	5.2 	1.1782 	
3.6 	5.6 	1.12325 	
4 	0 	1.14136 	
4 	0.4 	1.38018 	
4 	0.8 	1.22212 	
4 	1.2 	1.15664 	
4 	1.6 	1.36541 	
4 	2 	1.29221 	
4 	2.4 	1.19397 	
4 	2.8 	1.16069 	
4 	3.2 	1.27107 	
4 	3.6 	1.16259 	
4 	4 	1.13156 	
4 	4.4 	1.2141 	
4 	4.8 	1.14728 	
4 	5.2 	1.20319 	
4 	5.6 	1.14136 	
4.4 	0 	1.11244 	
4.4 	0.4 	1.34193 	
4.4 	0.8 	1.30631 	
4.4 	1.2 	1.1455 	
4.4 	1.6 	1.27989 	
4.4 	2 	1.38581 	
4.4 	2.4 	1.23069 	
4.4 	2.8 	1.10606 	
4.4 	3.2 	1.34193 	
4.4 	3.6 	1.15054 	
4.4 	4 	1.16624 	
4.4 	4.4 	1.26758 	
4.4 	4.8 	1.13527 	
4.4 	5.2 	1.19919 	
4.4 	5.6 	1.17985 	
4.8 	0 	1.10842 	
4.8 	0.4 	1.29697 	
4.8 	0.8 	1.39047 	
4.8 	1.2 	1.15784 	
4.8 	1.6 	1.22819 	
4.8 	2 	1.45685 	
4.8 	2.4 	1.25513 	
4.8 	2.8 	1.13156 	
4.8 	3.2 	1.35147 	
4.8 	3.6 	1.17455 	
4.8 	4 	1.22185 	
4.8 	4.4 	1.24804 	
4.8 	4.8 	1.12751 	
4.8 	5.2 	1.18734 	
4.8 	5.6 	1.15664 	
5.2 	0 	1.11606 	
5.2 	0.4 	1.26758 	
5.2 	0.8 	1.44608 	
5.2 	1.2 	1.15431 	
5.2 	1.6 	1.192 	
5.2 	2 	1.45847 	
5.2 	2.4 	1.24101 	
5.2 	2.8 	1.19113 	
5.2 	3.2 	1.27989 	
5.2 	3.6 	1.18238 	
5.2 	4 	1.23975 	
5.2 	4.4 	1.192 	
5.2 	4.8 	1.12458 	
5.2 	5.2 	1.18109 	
5.2 	5.6 	1.14452 	
5.6 	0 	1.12683 	
5.6 	0.4 	1.2297 	
5.6 	0.8 	1.45685 	
5.6 	1.2 	1.16971 	
5.6 	1.6 	1.15236 	
5.6 	2 	1.38578 	
5.6 	2.4 	1.24108 	
5.6 	2.8 	1.20319 	
5.6 	3.2 	1.18339 	
5.6 	3.6 	1.21122 	
5.6 	4 	1.18734 	
5.6 	4.4 	1.17415 	
5.6 	4.8 	1.15298 	
5.6 	5.2 	1.14943 	
5.6 	5.6 	1.19397 	


-1 	0.4 	0 	
0 	0 	1.16515 	
0 	0.4 	1.13793 	
0 	0.8 	1.34482 	
0 	1.2 	1.23419 	
0 	1.6 	1.16863 	
0 	2 	1.34132 	
0 	2.4 	1.28801 	
0 	2.8 	1.18947 	
0 	3.2 	1.20167 	
0 	3.6 	1.26553 	
0 	4 	1.17193 	
0 	4.4 	1.16469 	
0 	4.8 	1.20652 	
0 	5.2 	1.14322 	
0 	5.6 	1.1924 	
0.4 	0 	1.2029 	
0.4 	0.4 	1.11339 	
0.4 	0.8 	1.31311 	
0.4 	1.2 	1.29885 	
0.4 	1.6 	1.15964 	
0.4 	2 	1.27811 	
0.4 	2.4 	1.35519 	
0.4 	2.8 	1.2067 	
0.4 	3.2 	1.16088 	
0.4 	3.6 	1.31311 	
0.4 	4 	1.16713 	
0.4 	4.4 	1.17528 	
0.4 	4.8 	1.24082 	
0.4 	5.2 	1.12824 	
0.4 	5.6 	1.19021 	
0.8 	0 	1.23419 	
0.8 	0.4 	1.10735 	
0.8 	0.8 	1.27503 	
0.8 	1.2 	1.36126 	
0.8 	1.6 	1.16479 	
0.8 	2 	1.23371 	
0.8 	2.4 	1.40354 	
0.8 	2.8 	1.22175 	
0.8 	3.2 	1.16469 	
0.8 	3.6 	1.32095 	
0.8 	4 	1.17908 	
0.8 	4.4 	1.2004 	
0.8 	4.8 	1.23403 	
0.8 	5.2 	1.12478 	
0.8 	5.6 	1.1829 	
1.2 	0 	1.26488 	
1.2 	0.4 	1.11531 	
1.2 	0.8 	1.24082 	
1.2 	1.2 	1.40028 	
1.2 	1.6 	1.17011 	
1.2 	2 	1.20336 	
1.2 	2.4 	1.40334 	
1.2 	2.8 	1.22489 	
1.2 	3.2 	1.18718 	
1.2 	3.6 	1.27811 	
1.2 	4 	1.19135 	
1.2 	4.4 	1.20835 	
1.2 	4.8 	1.20336 	
1.2 	5.2 	1.13321 	
1.2 	5.6 	1.17152 	
1.6 	0 	1.28801 	
1.6 	0.4 	1.13329 	
1.6 	0.8 	1.20486 	
1.6 	1.2 	1.40354 	
1.6 	1.6 	1.18944 	
1.6 	2 	1.17787 	
1.6 	2.4 	1.35258 	
1.6 	2.8 	1.24091 	
1.6 	3.2 	1.1924 	
1.6 	3.6 	1.21359 	
1.6 	4 	1.21843 	
1.6 	4.4 	1.1829 	
1.6 	4.8 	1.18602 	
1.6 	5.2 	1.16194 	
1.6 	5.6 	1.14402 	
2 	0 	1.28434 	
2 	0.4 	1.2029 	
2 	0.8 	1.16921 	
2 	1.2 	1.37005 	
2 	1.6 	1.26488 	
2 	2 	1.16904 	
2 	2.4 	1.27526 	
2 	2.8 	1.28434 	
2 	3.2 	1.19087 	
2 	3.6 	1.16088 	
2 	4 	1.23735 	
2 	4.4 	1.15442 	
2 	4.8 	1.18718 	
2 	5.2 	1.17386 	
2 	5.6 	1.11218 	
2.4 	0 	1.26553 	
2.4 	0.4 	1.25265 	
2.4 	0.8 	1.14837 	
2.4 	1.2 	1.32095 	
2.4 	1.6 	1.33539 	
2.4 	2 	1.17942 	
2.4 	2.4 	1.21359 	
2.4 	2.8 	1.34482 	
2.4 	3.2 	1.19781 	
2.4 	3.6 	1.15125 	
2.4 	4 	1.27503 	
2.4 	4.4 	1.14628 	
2.4 	4.8 	1.19926 	
2.4 	5.2 	1.20486 	
2.4 	5.6 	1.08743 	
2.8 	0 	1.23735 	
2.8 	0.4 	1.29885 	
2.8 	0.8 	1.14705 	
2.8 	1.2 	1.27373 	
2.8 	1.6 	1.40028 	
2.8 	2 	1.19346 	
2.8 	2.4 	1.18846 	
2.8 	2.8 	1.37005 	
2.8 	3.2 	1.2085 	
2.8 	3.6 	1.17528 	
2.8 	4 	1.27373 	
2.8 	4.4 	1.15658 	
2.8 	4.8 	1.20835 	
2.8 	5.2 	1.19582 	
2.8 	5.6 	1.07672 	
3.2 	0 	1.20652 	
3.2 	0.4 	1.33539 	
3.2 	0.8 	1.15268 	
3.2 	1.2 	1.23403 	
3.2 	1.6 	1.42769 	
3.2 	2 	1.19879 	
3.2 	2.4 	1.18602 	
3.2 	2.8 	1.34132 	
3.2 	3.2 	1.21234 	
3.2 	3.6 	1.19926 	
3.2 	4 	1.23371 	
3.2 	4.4 	1.16987 	
3.2 	4.8 	1.20062 	
3.2 	5.2 	1.17787 	
3.2 	5.6 	1.09006 	
3.6 	0 	1.17386 	
3.6 	0.4 	1.35519 	
3.6 	0.8 	1.1679 	
3.6 	1.2 	1.19582 	
3.6 	1.6 	1.40334 	
3.6 	2 	1.21713 	
3.6 	2.4 	1.18409 	
3.6 	2.8 	1.27526 	
3.6 	3.2 	1.23331 	
3.6 	3.6 	1.19021 	
3.6 	4 	1.18846 	
3.6 	4.4 	1.19509 	
3.6 	4.8 	1.17152 	
3.6 	5.2 	1.18409 	
3.6 	5.6 	1.1273 	
4 	0 	1.13793 	
4 	0.4 	1.34482 	
4 	0.8 	1.23419 	
4 	1.2 	1.16863 	
4 	1.6 	1.34132 	
4 	2 	1.28801 	
4 	2.4 	1.18947 	
4 	2.8 	1.20167 	
4 	3.2 	1.26553 	
4 	3.6 	1.17193 	
4 	4 	1.16469 	
4 	4.4 	1.20652 	
4 	4.8 	1.14322 	
4 	5.2 	1.1924 	
4 	5.6 	1.13793 	
4.4 	0 	1.11339 	
4.4 	0.4 	1.31311 	
4.4 	0.8 	1.29885 	
4.4 	1.2 	1.15964 	
4.4 	1.6 	1.27811 	
4.4 	2 	1.35519 	
4.4 	2.4 	1.2067 	
4.4 	2.8 	1.16088 	
4.4 	3.2 	1.31311 	
4.4 	3.6 	1.16713 	
4.4 	4 	1.17528 	
4.4 	4.4 	1.24082 	
4.4 	4.8 	1.12824 	
4.4 	5.2 	1.19021 	
4.4 	5.6 	1.16921 	
4.8 	0 	1.10735 	
4.8 	0.4 	1.27503 	
4.8 	0.8 	1.36126 	
4.8 	1.2 	1.16479 	
4.8 	1.6 	1.23371 	
4.8 	2 	1.40354 	
4.8 	2.4 	1.22175 	
4.8 	2.8 	1.16469 	
4.8 	3.2 	1.32095 	
4.8 	3.6 	1.17908 	
4.8 	4 	1.2004 	
4.8 	4.4 	1.23403 	
4.8 	4.8 	1.12478 	
4.8 	5.2 	1.1829 	
4.8 	5.6 	1.16863 	
5.2 	0 	1.11531 	
5.2 	0.4 	1.24082 	
5.2 	0.8 	1.40028 	
5.2 	1.2 	1.17011 	
5.2 	1.6 	1.20336 	
5.2 	2 	1.40334 	
5.2 	2.4 	1.22489 	
5.2 	2.8 	1.18718 	
5.2 	3.2 	1.27811 	
5.2 	3.6 	1.19135 	
5.2 	4 	1.20835 	
5.2 	4.4 	1.20336 	
5.2 	4.8 	1.13321 	
5.2 	5.2 	1.17152 	
5.2 	5.6 	1.16904 	
5.6 	0 	1.13329 	
5.6 	0.4 	1.20486 	
5.6 	0.8 	1.40354 	
5.6 	1.2 	1.18944 	
5.6 	1.6 	1.17787 	
5.6 	2 	1.35258 	
5.6 	2.4 	1.24091 	
5.6 	2.8 	1.1924 	
5.6 	3.2 	1.21359 	
5.6 	3.6 	1.21843 	
5.6 	4 	1.1829 	
5.6 	4.4 	1.18602 	
5.6 	4.8 	1.16194 	
5.6 	5.2 	1.14402 	
5.6 	5.6 	1.18947 	


-1 	0.5 	0 	
0 	0 	1.17072 	
0 	0.4 	1.13718 	
0 	0.8 	1.31984 	
0 	1.2 	1.2385 	
0 	1.6 	1.17417 	
0 	2 	1.32144 	
0 	2.4 	1.28114 	
0 	2.8 	1.18832 	
0 	3.2 	1.22467 	
0 	3.6 	1.25816 	
0 	4 	1.17497 	
0 	4.4 	1.18418 	
0 	4.8 	1.20004 	
0 	5.2 	1.14189 	
0 	5.6 	1.18884 	
0.4 	0 	1.20643 	
0.4 	0.4 	1.11639 	
0.4 	0.8 	1.29244 	
0.4 	1.2 	1.28973 	
0.4 	1.6 	1.16579 	
0.4 	2 	1.27361 	
0.4 	2.4 	1.33107 	
0.4 	2.8 	1.19649 	
0.4 	3.2 	1.19163 	
0.4 	3.6 	1.29244 	
0.4 	4 	1.17273 	
0.4 	4.4 	1.18277 	
0.4 	4.8 	1.22558 	
0.4 	5.2 	1.12855 	
0.4 	5.6 	1.18505 	
0.8 	0 	1.2385 	
0.8 	0.4 	1.1107 	
0.8 	0.8 	1.25883 	
0.8 	1.2 	1.33714 	
0.8 	1.6 	1.16854 	
0.8 	2 	1.23601 	
0.8 	2.4 	1.36539 	
0.8 	2.8 	1.2074 	
0.8 	3.2 	1.18418 	
0.8 	3.6 	1.29983 	
0.8 	4 	1.18086 	
0.8 	4.4 	1.19124 	
0.8 	4.8 	1.2259 	
0.8 	5.2 	1.12723 	
0.8 	5.6 	1.17744 	
1.2 	0 	1.26548 	
1.2 	0.4 	1.11914 	
1.2 	0.8 	1.22558 	
1.2 	1.2 	1.36524 	
1.2 	1.6 	1.17769 	
1.2 	2 	1.209 	
1.2 	2.4 	1.36518 	
1.2 	2.8 	1.21812 	
1.2 	3.2 	1.18885 	
1.2 	3.6 	1.27361 	
1.2 	4 	1.19492 	
1.2 	4.4 	1.19238 	
1.2 	4.8 	1.209 	
1.2 	5.2 	1.13898 	
1.2 	5.6 	1.16403 	
1.6 	0 	1.28114 	
1.6 	0.4 	1.13948 	
1.6 	0.8 	1.19316 	
1.6 	1.2 	1.36539 	
1.6 	1.6 	1.19927 	
1.6 	2 	1.18871 	
1.6 	2.4 	1.32977 	
1.6 	2.8 	1.24017 	
1.6 	3.2 	1.18884 	
1.6 	3.6 	1.22996 	
1.6 	4 	1.22061 	
1.6 	4.4 	1.17744 	
1.6 	4.8 	1.19437 	
1.6 	5.2 	1.16539 	
1.6 	5.6 	1.14018 	
2 	0 	1.27686 	
2 	0.4 	1.20643 	
2 	0.8 	1.16491 	
2 	1.2 	1.33903 	
2 	1.6 	1.26548 	
2 	2 	1.17923 	
2 	2.4 	1.27612 	
2 	2.8 	1.27686 	
2 	3.2 	1.18738 	
2 	3.6 	1.19163 	
2 	4 	1.23095 	
2 	4.4 	1.15957 	
2 	4.8 	1.18885 	
2 	5.2 	1.16787 	
2 	5.6 	1.11326 	
2.4 	0 	1.25816 	
2.4 	0.4 	1.24939 	
2.4 	0.8 	1.14826 	
2.4 	1.2 	1.29983 	
2.4 	1.6 	1.31931 	
2.4 	2 	1.18205 	
2.4 	2.4 	1.22996 	
2.4 	2.8 	1.31984 	
2.4 	3.2 	1.19182 	
2.4 	3.6 	1.17693 	
2.4 	4 	1.25883 	
2.4 	4.4 	1.15222 	
2.4 	4.8 	1.19069 	
2.4 	5.2 	1.19316 	
2.4 	5.6 	1.09338 	
2.8 	0 	1.23095 	
2.8 	0.4 	1.28973 	
2.8 	0.8 	1.14577 	
2.8 	1.2 	1.26045 	
2.8 	1.6 	1.36524 	
2.8 	2 	1.19091 	
2.8 	2.4 	1.20465 	
2.8 	2.8 	1.33903 	
2.8 	3.2 	1.20111 	
2.8 	3.6 	1.18277 	
2.8 	4 	1.26045 	
2.8 	4.4 	1.15754 	
2.8 	4.8 	1.19238 	
2.8 	5.2 	1.19558 	
2.8 	5.6 	1.08777 	
3.2 	0 	1.20004 	
3.2 	0.4 	1.31931 	
3.2 	0.8 	1.1535 	
3.2 	1.2 	1.2259 	
3.2 	1.6 	1.38306 	
3.2 	2 	1.20155 	
3.2 	2.4 	1.19437 	
3.2 	2.8 	1.32144 	
3.2 	3.2 	1.21254 	
3.2 	3.6 	1.19069 	
3.2 	4 	1.23601 	
3.2 	4.4 	1.17139 	
3.2 	4.8 	1.18461 	
3.2 	5.2 	1.18871 	
3.2 	5.6 	1.10117 	
3.6 	0 	1.16787 	
3.6 	0.4 	1.33107 	
3.6 	0.8 	1.17274 	
3.6 	1.2 	1.19558 	
3.6 	1.6 	1.36518 	
3.6 	2 	1.22391 	
3.6 	2.4 	1.18835 	
3.6 	2.8 	1.27612 	
3.6 	3.2 	1.23634 	
3.6 	3.6 	1.18505 	
3.6 	4 	1.20465 	
3.6 	4.4 	1.19651 	
3.6 	4.8 	1.16403 	
3.6 	5.2 	1.18835 	
3.6 	5.6 	1.13151 	
4 	0 	1.13718 	
4 	0.4 	1.31984 	
4 	0.8 	1.2385 	
4 	1.2 	1.17417 	
4 	1.6 	1.32144 	
4 	2 	1.28114 	
4 	2.4 	1.18832 	
4 	2.8 	1.22467 	
4 	3.2 	1.25816 	
4 	3.6 	1.17497 	
4 	4 	1.18418 	
4 	4.4 	1.20004 	
4 	4.8 	1.14189 	
4 	5.2 	1.18884 	
4 	5.6 	1.13718 	
4.4 	0 	1.11639 	
4.4 	0.4 	1.29244 	
4.4 	0.8 	1.28973 	
4.4 	1.2 	1.16579 	
4.4 	1.6 	1.27361 	
4.4 	2 	1.33107 	
4.4 	2.4 	1.19649 	
4.4 	2.8 	1.19163 	
4.4 	3.2 	1.29244 	
4.4 	3.6 	1.17273 	
4.4 	4 	1.18277 	
4.4 	4.4 	1.22558 	
4.4 	4.8 	1.12855 	
4.4 	5.2 	1.18505 	
4.4 	5.6 	1.16491 	
4.8 	0 	1.1107 	
4.8 	0.4 	1.25883 	
4.8 	0.8 	1.33714 	
4.8 	1.2 	1.16854 	
4.8 	1.6 	1.23601 	
4.8 	2 	1.36539 	
4.8 	2.4 	1.2074 	
4.8 	2.8 	1.18418 	
4.8 	3.2 	1.29983 	
4.8 	3.6 	1.18086 	
4.8 	4 	1.19124 	
4.8 	4.4 	1.2259 	
4.8 	4.8 	1.12723 	
4.8 	5.2 	1.17744 	
4.8 	5.6 	1.17417 	
5.2 	0 	1.11914 	
5.2 	0.4 	1.22558 	
5.2 	0.8 	1.36524 	
5.2 	1.2 	1.17769 	
5.2 	1.6 	1.209 	
5.2 	2 	1.36518 	
5.2 	2.4 	1.21812 	
5.2 	2.8 	1.18885 	
5.2 	3.2 	1.27361 	
5.2 	3.6 	1.19492 	
5.2 	4 	1.19238 	
5.2 	4.4 	1.209 	
5.2 	4.8 	1.13898 	
5.2 	5.2 	1.16403 	
5.2 	5.6 	1.17923 	
5.6 	0 	1.13948 	
5.6 	0.4 	1.19316 	
5.6 	0.8 	1.36539 	
5.6 	1.2 	1.19927 	
5.6 	1.6 	1.18871 	
5.6 	2 	1.32977 	
5.6 	2.4 	1.24017 	
5.6 	2.8 	1.18884 	
5.6 	3.2 	1.22996 	
5.6 	3.6 	1.22061 	
5.6 	4 	1.17744 	
5.6 	4.4 	1.19437 	
5.6 	4.8 	1.16539 	
5.6 	5.2 	1.14018 	
5.6 	5.6 	1.18832 	


-1 	0.6 	0 	
0 	0 	1.17513 	
0 	0.4 	1.13848 	
0 	0.8 	1.3008 	
0 	1.2 	1.23855 	
0 	1.6 	1.1767 	
0 	2 	1.30535 	
0 	2.4 	1.27312 	
0 	2.8 	1.18821 	
0 	3.2 	1.23666 	
0 	3.6 	1.25046 	
0 	4 	1.17565 	
0 	4.4 	1.19606 	
0 	4.8 	1.19521 	
0 	5.2 	1.1419 	
0 	5.6 	1.18809 	
0.4 	0 	1.20832 	
0.4 	0.4 	1.12083 	
0.4 	0.8 	1.27683 	
0.4 	1.2 	1.28018 	
0.4 	1.6 	1.16891 	
0.4 	2 	1.2681 	
0.4 	2.4 	1.31157 	
0.4 	2.8 	1.19203 	
0.4 	3.2 	1.20891 	
0.4 	3.6 	1.27683 	
0.4 	4 	1.17456 	
0.4 	4.4 	1.18872 	
0.4 	4.8 	1.21622 	
0.4 	5.2 	1.13122 	
0.4 	5.6 	1.18234 	
0.8 	0 	1.23855 	
0.8 	0.4 	1.11621 	
0.8 	0.8 	1.2469 	
0.8 	1.2 	1.31714 	
0.8 	1.6 	1.17106 	
0.8 	2 	1.23603 	
0.8 	2.4 	1.33712 	
0.8 	2.8 	1.20098 	
0.8 	3.2 	1.19606 	
0.8 	3.6 	1.28419 	
0.8 	4 	1.18154 	
0.8 	4.4 	1.18788 	
0.8 	4.8 	1.22048 	
0.8 	5.2 	1.13135 	
0.8 	5.6 	1.17336 	
1.2 	0 	1.26184 	
1.2 	0.4 	1.12497 	
1.2 	0.8 	1.21622 	
1.2 	1.2 	1.33811 	
1.2 	1.6 	1.18188 	
1.2 	2 	1.21146 	
1.2 	2.4 	1.33752 	
1.2 	2.8 	1.2146 	
1.2 	3.2 	1.19181 	
1.2 	3.6 	1.2681 	
1.2 	4 	1.19598 	
1.2 	4.4 	1.18436 	
1.2 	4.8 	1.21146 	
1.2 	5.2 	1.14358 	
1.2 	5.6 	1.15921 	
1.6 	0 	1.27312 	
1.6 	0.4 	1.14547 	
1.6 	0.8 	1.18729 	
1.6 	1.2 	1.33712 	
1.6 	1.6 	1.20393 	
1.6 	2 	1.1934 	
1.6 	2.4 	1.31262 	
1.6 	2.8 	1.23798 	
1.6 	3.2 	1.18809 	
1.6 	3.6 	1.23799 	
1.6 	4 	1.21974 	
1.6 	4.4 	1.17336 	
1.6 	4.8 	1.19988 	
1.6 	5.2 	1.16701 	
1.6 	5.6 	1.13842 	
2 	0 	1.26826 	
2 	0.4 	1.20832 	
2 	0.8 	1.16357 	
2 	1.2 	1.31606 	
2 	1.6 	1.26184 	
2 	2 	1.18362 	
2 	2.4 	1.274 	
2 	2.8 	1.26826 	
2 	3.2 	1.18579 	
2 	3.6 	1.20891 	
2 	4 	1.22471 	
2 	4.4 	1.16099 	
2 	4.8 	1.19181 	
2 	5.2 	1.16521 	
2 	5.6 	1.11621 	
2.4 	0 	1.25046 	
2.4 	0.4 	1.24572 	
2.4 	0.8 	1.14967 	
2.4 	1.2 	1.28419 	
2.4 	1.6 	1.30404 	
2.4 	2 	1.18316 	
2.4 	2.4 	1.23799 	
2.4 	2.8 	1.3008 	
2.4 	3.2 	1.18866 	
2.4 	3.6 	1.19256 	
2.4 	4 	1.2469 	
2.4 	4.4 	1.15533 	
2.4 	4.8 	1.18792 	
2.4 	5.2 	1.18729 	
2.4 	5.6 	1.10056 	
2.8 	0 	1.22471 	
2.8 	0.4 	1.28018 	
2.8 	0.8 	1.14764 	
2.8 	1.2 	1.25077 	
2.8 	1.6 	1.33811 	
2.8 	2 	1.18987 	
2.8 	2.4 	1.21382 	
2.8 	2.8 	1.31606 	
2.8 	3.2 	1.19717 	
2.8 	3.6 	1.18872 	
2.8 	4 	1.25077 	
2.8 	4.4 	1.15954 	
2.8 	4.8 	1.18436 	
2.8 	5.2 	1.19479 	
2.8 	5.6 	1.09765 	
3.2 	0 	1.19521 	
3.2 	0.4 	1.30404 	
3.2 	0.8 	1.15661 	
3.2 	1.2 	1.22048 	
3.2 	1.6 	1.35074 	
3.2 	2 	1.20262 	
3.2 	2.4 	1.19988 	
3.2 	2.8 	1.30535 	
3.2 	3.2 	1.2112 	
3.2 	3.6 	1.18792 	
3.2 	4 	1.23603 	
3.2 	4.4 	1.17314 	
3.2 	4.8 	1.17545 	
3.2 	5.2 	1.1934 	
3.2 	5.6 	1.11019 	
3.6 	0 	1.16521 	
3.6 	0.4 	1.31157 	
3.6 	0.8 	1.17691 	
3.6 	1.2 	1.19479 	
3.6 	1.6 	1.33752 	
3.6 	2 	1.22582 	
3.6 	2.4 	1.19124 	
3.6 	2.8 	1.274 	
3.6 	3.2 	1.23488 	
3.6 	3.6 	1.18234 	
3.6 	4 	1.21382 	
3.6 	4.4 	1.19625 	
3.6 	4.8 	1.15921 	
3.6 	5.2 	1.19124 	
3.6 	5.6 	1.13558 	
4 	0 	1.13848 	
4 	0.4 	1.3008 	
4 	0.8 	1.23855 	
4 	1.2 	1.1767 	
4 	1.6 	1.30535 	
4 	2 	1.27312 	
4 	2.4 	1.18821 	
4 	2.8 	1.23666 	
4 	3.2 	1.25046 	
4 	3.6 	1.17565 	
4 	4 	1.19606 	
4 	4.4 	1.19521 	
4 	4.8 	1.1419 	
4 	5.2 	1.18809 	
4 	5.6 	1.13848 	
4.4 	0 	1.12083 	
4.4 	0.4 	1.27683 	
4.4 	0.8 	1.28018 	
4.4 	1.2 	1.16891 	
4.4 	1.6 	1.2681 	
4.4 	2 	1.31157 	
4.4 	2.4 	1.19203 	
4.4 	2.8 	1.20891 	
4.4 	3.2 	1.27683 	
4.4 	3.6 	1.17456 	
4.4 	4 	1.18872 	
4.4 	4.4 	1.21622 	
4.4 	4.8 	1.13122 	
4.4 	5.2 	1.18234 	
4.4 	5.6 	1.16357 	
4.8 	0 	1.11621 	
4.8 	0.4 	1.2469 	
4.8 	0.8 	1.31714 	
4.8 	1.2 	1.17106 	
4.8 	1.6 	1.23603 	
4.8 	2 	1.33712 	
4.8 	2.4 	1.20098 	
4.8 	2.8 	1.19606 	
4.8 	3.2 	1.28419 	
4.8 	3.6 	1.18154 	
4.8 	4 	1.18788 	
4.8 	4.4 	1.22048 	
4.8 	4.8 	1.13135 	
4.8 	5.2 	1.17336 	
4.8 	5.6 	1.1767 	
5.2 	0 	1.12497 	
5.2 	0.4 	1.21622 	
5.2 	0.8 	1.33811 	
5.2 	1.2 	1.18188 	
5.2 	1.6 	1.21146 	
5.2 	2 	1.33752 	
5.2 	2.4 	1.2146 	
5.2 	2.8 	1.19181 	
5.2 	3.2 	1.2681 	
5.2 	3.6 	1.19598 	
5.2 	4 	1.18436 	
5.2 	4.4 	1.21146 	
5.2 	4.8 	1.14358 	
5.2 	5.2 	1.15921 	
5.2 	5.6 	1.18362 	
5.6 	0 	1.14547 	
5.6 	0.4 	1.18729 	
5.6 	0.8 	1.33712 	
5.6 	1.2 	1.20393 	
5.6 	1.6 	1.1934 	
5.6 	2 	1.31262 	
5.6 	2.4 	1.23798 	
5.6 	2.8 	1.18809 	
5.6 	3.2 	1.23799 	
5.6 	3.6 	1.21974 	
5.6 	4 	1.17336 	
5.6 	4.4 	1.19988 	
5.6 	4.8 	1.16701 	
5.6 	5.2 	1.13842 	
5.6 	5.6 	1.18821 	


-1 	0.7 	0 	
0 	0 	1.17861 	
0 	0.4 	1.14103 	
0 	0.8 	1.28562 	
0 	1.2 	1.23638 	
0 	1.6 	1.17801 	
0 	2 	1.29213 	
0 	2.4 	1.26489 	
0 	2.8 	1.1884 	
0 	3.2 	1.24206 	
0 	3.6 	1.24315 	
0 	4 	1.17572 	
0 	4.4 	1.20329 	
0 	4.8 	1.19181 	
0 	5.2 	1.14284 	
0 	5.6 	1.18836 	
0.4 	0 	1.20894 	
0.4 	0.4 	1.126 	
0.4 	0.8 	1.26457 	
0.4 	1.2 	1.27091 	
0.4 	1.6 	1.1709 	
0.4 	2 	1.26229 	
0.4 	2.4 	1.2955 	
0.4 	2.8 	1.19006 	
0.4 	3.2 	1.21834 	
0.4 	3.6 	1.26457 	
0.4 	4 	1.17521 	
0.4 	4.4 	1.1932 	
0.4 	4.8 	1.21006 	
0.4 	5.2 	1.13461 	
0.4 	5.6 	1.18112 	
0.8 	0 	1.23638 	
0.8 	0.4 	1.12256 	
0.8 	0.8 	1.23788 	
0.8 	1.2 	1.30048 	
0.8 	1.6 	1.17309 	
0.8 	2 	1.23464 	
0.8 	2.4 	1.31546 	
0.8 	2.8 	1.1979 	
0.8 	3.2 	1.20329 	
0.8 	3.6 	1.272 	
0.8 	4 	1.18178 	
0.8 	4.4 	1.18717 	
0.8 	4.8 	1.21645 	
0.8 	5.2 	1.13578 	
0.8 	5.6 	1.17094 	
1.2 	0 	1.25638 	
1.2 	0.4 	1.13137 	
1.2 	0.8 	1.21006 	
1.2 	1.2 	1.31673 	
1.2 	1.6 	1.18445 	
1.2 	2 	1.21216 	
1.2 	2.4 	1.31658 	
1.2 	2.8 	1.21217 	
1.2 	3.2 	1.19452 	
1.2 	3.6 	1.26229 	
1.2 	4 	1.19582 	
1.2 	4.4 	1.18057 	
1.2 	4.8 	1.21216 	
1.2 	5.2 	1.14751 	
1.2 	5.6 	1.15669 	
1.6 	0 	1.26489 	
1.6 	0.4 	1.15107 	
1.6 	0.8 	1.18425 	
1.6 	1.2 	1.31546 	
1.6 	1.6 	1.2058 	
1.6 	2 	1.19539 	
1.6 	2.4 	1.29885 	
1.6 	2.8 	1.23475 	
1.6 	3.2 	1.18836 	
1.6 	3.6 	1.2411 	
1.6 	4 	1.21739 	
1.6 	4.4 	1.17094 	
1.6 	4.8 	1.20326 	
1.6 	5.2 	1.16809 	
1.6 	5.6 	1.13839 	
2 	0 	1.25973 	
2 	0.4 	1.20894 	
2 	0.8 	1.16374 	
2 	1.2 	1.29837 	
2 	1.6 	1.25638 	
2 	2 	1.1856 	
2 	2.4 	1.2701 	
2 	2.8 	1.25973 	
2 	3.2 	1.18513 	
2 	3.6 	1.21834 	
2 	4 	1.21921 	
2 	4.4 	1.16152 	
2 	4.8 	1.19452 	
2 	5.2 	1.16446 	
2 	5.6 	1.12007 	
2.4 	0 	1.24315 	
2.4 	0.4 	1.24158 	
2.4 	0.8 	1.15194 	
2.4 	1.2 	1.272 	
2.4 	1.6 	1.29035 	
2.4 	2 	1.18378 	
2.4 	2.4 	1.2411 	
2.4 	2.8 	1.28562 	
2.4 	3.2 	1.18699 	
2.4 	3.6 	1.202 	
2.4 	4 	1.23788 	
2.4 	4.4 	1.1574 	
2.4 	4.8 	1.18751 	
2.4 	5.2 	1.18425 	
2.4 	5.6 	1.10782 	
2.8 	0 	1.21921 	
2.8 	0.4 	1.27091 	
2.8 	0.8 	1.15072 	
2.8 	1.2 	1.24325 	
2.8 	1.6 	1.31673 	
2.8 	2 	1.18952 	
2.8 	2.4 	1.21864 	
2.8 	2.8 	1.29837 	
2.8 	3.2 	1.19491 	
2.8 	3.6 	1.1932 	
2.8 	4 	1.24325 	
2.8 	4.4 	1.16155 	
2.8 	4.8 	1.18057 	
2.8 	5.2 	1.19389 	
2.8 	5.6 	1.10654 	
3.2 	0 	1.19181 	
3.2 	0.4 	1.29035 	
3.2 	0.8 	1.16023 	
3.2 	1.2 	1.21645 	
3.2 	1.6 	1.3264 	
3.2 	2 	1.20277 	
3.2 	2.4 	1.20326 	
3.2 	2.8 	1.29213 	
3.2 	3.2 	1.20936 	
3.2 	3.6 	1.18751 	
3.2 	4 	1.23464 	
3.2 	4.4 	1.17448 	
3.2 	4.8 	1.17058 	
3.2 	5.2 	1.19539 	
3.2 	5.6 	1.11797 	
3.6 	0 	1.16446 	
3.6 	0.4 	1.2955 	
3.6 	0.8 	1.1802 	
3.6 	1.2 	1.19389 	
3.6 	1.6 	1.31658 	
3.6 	2 	1.22518 	
3.6 	2.4 	1.19311 	
3.6 	2.8 	1.2701 	
3.6 	3.2 	1.23161 	
3.6 	3.6 	1.18112 	
3.6 	4 	1.21864 	
3.6 	4.4 	1.19521 	
3.6 	4.8 	1.15669 	
3.6 	5.2 	1.19311 	
3.6 	5.6 	1.13954 	
4 	0 	1.14103 	
4 	0.4 	1.28562 	
4 	0.8 	1.23638 	
4 	1.2 	1.17801 	
4 	1.6 	1.29213 	
4 	2 	1.26489 	
4 	2.4 	1.1884 	
4 	2.8 	1.24206 	
4 	3.2 	1.24315 	
4 	3.6 	1.17572 	
4 	4 	1.20329 	
4 	4.4 	1.19181 	
4 	4.8 	1.14284 	
4 	5.2 	1.18836 	
4 	5.6 	1.14103 	
4.4 	0 	1.126 	
4.4 	0.4 	1.26457 	
4.4 	0.8 	1.27091 	
4.4 	1.2 	1.1709 	
4.4 	1.6 	1.26229 	
4.4 	2 	1.2955 	
4.4 	2.4 	1.19006 	
4.4 	2.8 	1.21834 	
4.4 	3.2 	1.26457 	
4.4 	3.6 	1.17521 	
4.4 	4 	1.1932 	
4.4 	4.4 	1.21006 	
4.4 	4.8 	1.13461 	
4.4 	5.2 	1.18112 	
4.4 	5.6 	1.16374 	
4.8 	0 	1.12256 	
4.8 	0.4 	1.23788 	
4.8 	0.8 	1.30048 	
4.8 	1.2 	1.17309 	
4.8 	1.6 	1.23464 	
4.8 	2 	1.31546 	
4.8 	2.4 	1.1979 	
4.8 	2.8 	1.20329 	
4.8 	3.2 	1.272 	
4.8 	3.6 	1.18178 	
4.8 	4 	1.18717 	
4.8 	4.4 	1.21645 	
4.8 	4.8 	1.13578 	
4.8 	5.2 	1.17094 	
4.8 	5.6 	1.17801 	
5.2 	0 	1.13137 	
5.2 	0.4 	1.21006 	
5.2 	0.8 	1.31673 	
5.2 	1.2 	1.18445 	
5.2 	1.6 	1.21216 	
5.2 	2 	1.31658 	
5.2 	2.4 	1.21217 	
5.2 	2.8 	1.19452 	
5.2 	3.2 	1.26229 	
5.2 	3.6 	1.19582 	
5.2 	4 	1.18057 	
5.2 	4.4 	1.21216 	
5.2 	4.8 	1.14751 	
5.2 	5.2 	1.15669 	
5.2 	5.6 	1.1856 	
5.6 	0 	1.15107 	
5.6 	0.4 	1.18425 	
5.6 	0.8 	1.31546 	
5.6 	1.2 	1.2058 	
5.6 	1.6 	1.19539 	
5.6 	2 	1.29885 	
5.6 	2.4 	1.23475 	
5.6 	2.8 	1.18836 	
5.6 	3.2 	1.2411 	
5.6 	3.6 	1.21739 	
5.6 	4 	1.17094 	
5.6 	4.4 	1.20326 	
5.6 	4.8 	1.16809 	
5.6 	5.2 	1.13839 	
5.6 	5.6 	1.1884 	


-1 	0.8 	0 	
0 	0 	1.18132 	
0 	0.4 	1.14422 	
0 	0.8 	1.27317 	
0 	1.2 	1.23315 	
0 	1.6 	1.17887 	
0 	2 	1.28099 	
0 	2.4 	1.25697 	
0 	2.8 	1.18864 	
0 	3.2 	1.24356 	
0 	3.6 	1.23651 	
0 	4 	1.17581 	
0 	4.4 	1.2075 	
0 	4.8 	1.18948 	
0 	5.2 	1.14447 	
0 	5.6 	1.18891 	
0.4 	0 	1.20869 	
0.4 	0.4 	1.13141 	
0.4 	0.8 	1.25463 	
0.4 	1.2 	1.26226 	
0.4 	1.6 	1.17251 	
0.4 	2 	1.25652 	
0.4 	2.4 	1.28208 	
0.4 	2.8 	1.18916 	
0.4 	3.2 	1.22308 	
0.4 	3.6 	1.25463 	
0.4 	4 	1.17558 	
0.4 	4.4 	1.19638 	
0.4 	4.8 	1.20578 	
0.4 	5.2 	1.13816 	
0.4 	5.6 	1.18079 	
0.8 	0 	1.23315 	
0.8 	0.4 	1.129 	
0.8 	0.8 	1.23083 	
0.8 	1.2 	1.28649 	
0.8 	1.6 	1.17486 	
0.8 	2 	1.23244 	
0.8 	2.4 	1.29835 	
0.8 	2.8 	1.19622 	
0.8 	3.2 	1.2075 	
0.8 	3.6 	1.2621 	
0.8 	4 	1.18185 	
0.8 	4.4 	1.18756 	
0.8 	4.8 	1.21324 	
0.8 	5.2 	1.14005 	
0.8 	5.6 	1.16988 	
1.2 	0 	1.25035 	
1.2 	0.4 	1.13766 	
1.2 	0.8 	1.20578 	
1.2 	1.2 	1.29953 	
1.2 	1.6 	1.18612 	
1.2 	2 	1.21185 	
1.2 	2.4 	1.3001 	
1.2 	2.8 	1.21008 	
1.2 	3.2 	1.19656 	
1.2 	3.6 	1.25652 	
1.2 	4 	1.19508 	
1.2 	4.4 	1.17906 	
1.2 	4.8 	1.21185 	
1.2 	5.2 	1.15096 	
1.2 	5.6 	1.1559 	
1.6 	0 	1.25697 	
1.6 	0.4 	1.15611 	
1.6 	0.8 	1.18271 	
1.6 	1.2 	1.29835 	
1.6 	1.6 	1.20616 	
1.6 	2 	1.19614 	
1.6 	2.4 	1.28729 	
1.6 	2.8 	1.231 	
1.6 	3.2 	1.18891 	
1.6 	3.6 	1.24131 	
1.6 	4 	1.21447 	
1.6 	4.4 	1.16988 	
1.6 	4.8 	1.20511 	
1.6 	5.2 	1.16905 	
1.6 	5.6 	1.13963 	
2 	0 	1.25177 	
2 	0.4 	1.20869 	
2 	0.8 	1.16472 	
2 	1.2 	1.28429 	
2 	1.6 	1.25035 	
2 	2 	1.18658 	
2 	2.4 	1.26523 	
2 	2.8 	1.25177 	
2 	3.2 	1.18495 	
2 	3.6 	1.22308 	
2 	4 	1.21455 	
2 	4.4 	1.16209 	
2 	4.8 	1.19656 	
2 	5.2 	1.16481 	
2 	5.6 	1.12434 	
2.4 	0 	1.23651 	
2.4 	0.4 	1.23722 	
2.4 	0.8 	1.15463 	
2.4 	1.2 	1.2621 	
2.4 	1.6 	1.27835 	
2.4 	2 	1.18424 	
2.4 	2.4 	1.24131 	
2.4 	2.8 	1.27317 	
2.4 	3.2 	1.18613 	
2.4 	3.6 	1.20752 	
2.4 	4 	1.23083 	
2.4 	4.4 	1.15912 	
2.4 	4.8 	1.188 	
2.4 	5.2 	1.18271 	
2.4 	5.6 	1.11471 	
2.8 	0 	1.21455 	
2.8 	0.4 	1.26226 	
2.8 	0.8 	1.15418 	
2.8 	1.2 	1.23711 	
2.8 	1.6 	1.29953 	
2.8 	2 	1.18945 	
2.8 	2.4 	1.22075 	
2.8 	2.8 	1.28429 	
2.8 	3.2 	1.19347 	
2.8 	3.6 	1.19638 	
2.8 	4 	1.23711 	
2.8 	4.4 	1.16338 	
2.8 	4.8 	1.17906 	
2.8 	5.2 	1.19307 	
2.8 	5.6 	1.1145 	
3.2 	0 	1.18948 	
3.2 	0.4 	1.27835 	
3.2 	0.8 	1.16375 	
3.2 	1.2 	1.21324 	
3.2 	1.6 	1.30741 	
3.2 	2 	1.20238 	
3.2 	2.4 	1.20511 	
3.2 	2.8 	1.28099 	
3.2 	3.2 	1.20738 	
3.2 	3.6 	1.188 	
3.2 	4 	1.23244 	
3.2 	4.4 	1.17545 	
3.2 	4.8 	1.16837 	
3.2 	5.2 	1.19614 	
3.2 	5.6 	1.12483 	
3.6 	0 	1.16481 	
3.6 	0.4 	1.28208 	
3.6 	0.8 	1.18268 	
3.6 	1.2 	1.19307 	
3.6 	1.6 	1.3001 	
3.6 	2 	1.22325 	
3.6 	2.4 	1.19424 	
3.6 	2.8 	1.26523 	
3.6 	3.2 	1.22772 	
3.6 	3.6 	1.18079 	
3.6 	4 	1.22075 	
3.6 	4.4 	1.1939 	
3.6 	4.8 	1.1559 	
3.6 	5.2 	1.19424 	
3.6 	5.6 	1.14339 	
4 	0 	1.14422 	
4 	0.4 	1.27317 	
4 	0.8 	1.23315 	
4 	1.2 	1.17887 	
4 	1.6 	1.28099 	
4 	2 	1.25697 	
4 	2.4 	1.18864 	
4 	2.8 	1.24356 	
4 	3.2 	1.23651 	
4 	3.6 	1.17581 	
4 	4 	1.2075 	
4 	4.4 	1.18948 	
4 	4.8 	1.14447 	
4 	5.2 	1.18891 	
4 	5.6 	1.14422 	
4.4 	0 	1.13141 	
4.4 	0.4 	1.25463 	
4.4 	0.8 	1.26226 	
4.4 	1.2 	1.17251 	
4.4 	1.6 	1.25652 	
4.4 	2 	1.28208 	
4.4 	2.4 	1.18916 	
4.4 	2.8 	1.22308 	
4.4 	3.2 	1.25463 	
4.4 	3.6 	1.17558 	
4.4 	4 	1.19638 	
4.4 	4.4 	1.20578 	
4.4 	4.8 	1.13816 	
4.4 	5.2 	1.18079 	
4.4 	5.6 	1.16472 	
4.8 	0 	1.129 	
4.8 	0.4 	1.23083 	
4.8 	0.8 	1.28649 	
4.8 	1.2 	1.17486 	
4.8 	1.6 	1.23244 	
4.8 	2 	1.29835 	
4.8 	2.4 	1.19622 	
4.8 	2.8 	1.2075 	
4.8 	3.2 	1.2621 	
4.8 	3.6 	1.18185 	
4.8 	4 	1.18756 	
4.8 	4.4 	1.21324 	
4.8 	4.8 	1.14005 	
4.8 	5.2 	1.16988 	
4.8 	5.6 	1.17887 	
5.2 	0 	1.13766 	
5.2 	0.4 	1.20578 	
5.2 	0.8 	1.29953 	
5.2 	1.2 	1.18612 	
5.2 	1.6 	1.21185 	
5.2 	2 	1.3001 	
5.2 	2.4 	1.21008 	
5.2 	2.8 	1.19656 	
5.2 	3.2 	1.25652 	
5.2 	3.6 	1.19508 	
5.2 	4 	1.17906 	
5.2 	4.4 	1.21185 	
5.2 	4.8 	1.15096 	
5.2 	5.2 	1.1559 	
5.2 	5.6 	1.18658 	
5.6 	0 	1.15611 	
5.6 	0.4 	1.18271 	
5.6 	0.8 	1.29835 	
5.6 	1.2 	1.20616 	
5.6 	1.6 	1.19614 	
5.6 	2 	1.28729 	
5.6 	2.4 	1.231 	
5.6 	2.8 	1.18891 	
5.6 	3.2 	1.24131 	
5.6 	3.6 	1.21447 	
5.6 	4 	1.16988 	
5.6 	4.4 	1.20511 	
5.6 	4.8 	1.16905 	
5.6 	5.2 	1.13963 	
5.6 	5.6 	1.18864 	


-1 	0.9 	0 	
0 	0 	1.18339 	
0 	0.4 	1.14767 	
0 	0.8 	1.26276 	
0 	1.2 	1.22953 	
0 	1.6 	1.17961 	
0 	2 	1.27141 	
0 	2.4 	1.24962 	
0 	2.8 	1.18886 	
0 	3.2 	1.24277 	
0 	3.6 	1.23062 	
0 	4 	1.17611 	
0 	4.4 	1.20974 	
0 	4.8 	1.18791 	
0 	5.2 	1.14659 	
0 	5.6 	1.18947 	
0.4 	0 	1.2079 	
0.4 	0.4 	1.13674 	
0.4 	0.8 	1.24639 	
0.4 	1.2 	1.25439 	
0.4 	1.6 	1.17396 	
0.4 	2 	1.25095 	
0.4 	2.4 	1.27073 	
0.4 	2.8 	1.18875 	
0.4 	3.2 	1.22496 	
0.4 	3.6 	1.24639 	
0.4 	4 	1.17596 	
0.4 	4.4 	1.19849 	
0.4 	4.8 	1.20266 	
0.4 	5.2 	1.1417 	
0.4 	5.6 	1.18096 	
0.8 	0 	1.22953 	
0.8 	0.4 	1.13516 	
0.8 	0.8 	1.22517 	
0.8 	1.2 	1.27465 	
0.8 	1.6 	1.17644 	
0.8 	2 	1.2298 	
0.8 	2.4 	1.28445 	
0.8 	2.8 	1.19513 	
0.8 	3.2 	1.20974 	
0.8 	3.6 	1.25381 	
0.8 	4 	1.18188 	
0.8 	4.4 	1.18832 	
0.8 	4.8 	1.21056 	
0.8 	5.2 	1.14401 	
0.8 	5.6 	1.16979 	
1.2 	0 	1.24434 	
1.2 	0.4 	1.1435 	
1.2 	0.8 	1.20266 	
1.2 	1.2 	1.28543 	
1.2 	1.6 	1.18724 	
1.2 	2 	1.21099 	
1.2 	2.4 	1.2867 	
1.2 	2.8 	1.20811 	
1.2 	3.2 	1.19792 	
1.2 	3.6 	1.25095 	
1.2 	4 	1.19411 	
1.2 	4.4 	1.17877 	
1.2 	4.8 	1.21099 	
1.2 	5.2 	1.15405 	
1.2 	5.6 	1.1563 	
1.6 	0 	1.24962 	
1.6 	0.4 	1.16054 	
1.6 	0.8 	1.18202 	
1.6 	1.2 	1.28445 	
1.6 	1.6 	1.20569 	
1.6 	2 	1.19629 	
1.6 	2.4 	1.27731 	
1.6 	2.8 	1.2271 	
1.6 	3.2 	1.18947 	
1.6 	3.6 	1.23984 	
1.6 	4 	1.21147 	
1.6 	4.4 	1.16979 	
1.6 	4.8 	1.20592 	
1.6 	5.2 	1.17002 	
1.6 	5.6 	1.14171 	
2 	0 	1.24457 	
2 	0.4 	1.2079 	
2 	0.8 	1.16613 	
2 	1.2 	1.27273 	
2 	1.6 	1.24434 	
2 	2 	1.18713 	
2 	2.4 	1.25995 	
2 	2.8 	1.24457 	
2 	3.2 	1.18501 	
2 	3.6 	1.22496 	
2 	4 	1.21064 	
2 	4.4 	1.16296 	
2 	4.8 	1.19792 	
2 	5.2 	1.16578 	
2 	5.6 	1.12878 	
2.4 	0 	1.23062 	
2.4 	0.4 	1.23288 	
2.4 	0.8 	1.15748 	
2.4 	1.2 	1.25381 	
2.4 	1.6 	1.2679 	
2.4 	2 	1.18466 	
2.4 	2.4 	1.23984 	
2.4 	2.8 	1.26276 	
2.4 	3.2 	1.18571 	
2.4 	3.6 	1.21052 	
2.4 	4 	1.22517 	
2.4 	4.4 	1.16076 	
2.4 	4.8 	1.18874 	
2.4 	5.2 	1.18202 	
2.4 	5.6 	1.12112 	
2.8 	0 	1.21064 	
2.8 	0.4 	1.25439 	
2.8 	0.8 	1.15763 	
2.8 	1.2 	1.23191 	
2.8 	1.6 	1.28543 	
2.8 	2 	1.18947 	
2.8 	2.4 	1.22116 	
2.8 	2.8 	1.27273 	
2.8 	3.2 	1.19244 	
2.8 	3.6 	1.19849 	
2.8 	4 	1.23191 	
2.8 	4.4 	1.16504 	
2.8 	4.8 	1.17877 	
2.8 	5.2 	1.19239 	
2.8 	5.6 	1.1216 	
3.2 	0 	1.18791 	
3.2 	0.4 	1.2679 	
3.2 	0.8 	1.16695 	
3.2 	1.2 	1.21056 	
3.2 	1.6 	1.29216 	
3.2 	2 	1.20167 	
3.2 	2.4 	1.20592 	
3.2 	2.8 	1.27141 	
3.2 	3.2 	1.20539 	
3.2 	3.6 	1.18874 	
3.2 	4 	1.2298 	
3.2 	4.4 	1.17616 	
3.2 	4.8 	1.16777 	
3.2 	5.2 	1.19629 	
3.2 	5.6 	1.13093 	
3.6 	0 	1.16578 	
3.6 	0.4 	1.27073 	
3.6 	0.8 	1.18453 	
3.6 	1.2 	1.19239 	
3.6 	1.6 	1.2867 	
3.6 	2 	1.22071 	
3.6 	2.4 	1.19488 	
3.6 	2.8 	1.25995 	
3.6 	3.2 	1.22373 	
3.6 	3.6 	1.18096 	
3.6 	4 	1.22116 	
3.6 	4.4 	1.19259 	
3.6 	4.8 	1.1563 	
3.6 	5.2 	1.19488 	
3.6 	5.6 	1.14709 	
4 	0 	1.14767 	
4 	0.4 	1.26276 	
4 	0.8 	1.22953 	
4 	1.2 	1.17961 	
4 	1.6 	1.27141 	
4 	2 	1.24962 	
4 	2.4 	1.18886 	
4 	2.8 	1.24277 	
4 	3.2 	1.23062 	
4 	3.6 	1.17611 	
4 	4 	1.20974 	
4 	4.4 	1.18791 	
4 	4.8 	1.14659 	
4 	5.2 	1.18947 	
4 	5.6 	1.14767 	
4.4 	0 	1.13674 	
4.4 	0.4 	1.24639 	
4.4 	0.8 	1.25439 	
4.4 	1.2 	1.17396 	
4.4 	1.6 	1.25095 	
4.4 	2 	1.27073 	
4.4 	2.4 	1.18875 	
4.4 	2.8 	1.22496 	
4.4 	3.2 	1.24639 	
4.4 	3.6 	1.17596 	
4.4 	4 	1.19849 	
4.4 	4.4 	1.20266 	
4.4 	4.8 	1.1417 	
4.4 	5.2 	1.18096 	
4.4 	5.6 	1.16613 	
4.8 	0 	1.13516 	
4.8 	0.4 	1.22517 	
4.8 	0.8 	1.27465 	
4.8 	1.2 	1.17644 	
4.8 	1.6 	1.2298 	
4.8 	2 	1.28445 	
4.8 	2.4 	1.19513 	
4.8 	2.8 	1.20974 	
4.8 	3.2 	1.25381 	
4.8 	3.6 	1.18188 	
4.8 	4 	1.18832 	
4.8 	4.4 	1.21056 	
4.8 	4.8 	1.14401 	
4.8 	5.2 	1.16979 	
4.8 	5.6 	1.17961 	
5.2 	0 	1.1435 	
5.2 	0.4 	1.20266 	
5.2 	0.8 	1.28543 	
5.2 	1.2 	1.18724 	
5.2 	1.6 	1.21099 	
5.2 	2 	1.2867 	
5.2 	2.4 	1.20811 	
5.2 	2.8 	1.19792 	
5.2 	3.2 	1.25095 	
5.2 	3.6 	1.19411 	
5.2 	4 	1.17877 	
5.2 	4.4 	1.21099 	
5.2 	4.8 	1.15405 	
5.2 	5.2 	1.1563 	
5.2 	5.6 	1.18713 	
5.6 	0 	1.16054 	
5.6 	0.4 	1.18202 	
5.6 	0.8 	1.28445 	
5.6 	1.2 	1.20569 	
5.6 	1.6 	1.19629 	
5.6 	2 	1.27731 	
5.6 	2.4 	1.2271 	
5.6 	2.8 	1.18947 	
5.6 	3.2 	1.23984 	
5.6 	3.6 	1.21147 	
5.6 	4 	1.16979 	
5.6 	4.4 	1.20592 	
5.6 	4.8 	1.17002 	
5.6 	5.2 	1.14171 	
5.6 	5.6 	1.18886 	
